0	54
0.005	0
0.01	0
0.015	0
0.02	54
0.025	0
0.03	0
0.035	0
0.04	54
0.045	0
0.05	0
0.055	0
0.06	54
0.065	0
0.07	0
0.075	0
0.08	54
0.085	0
0.09	0
0.095	0
0.1	54
0.105	0
0.11	0
0.115	0
0.12	54
0.125	0
0.13	0
0.135	0
0.14	54
0.145	0
0.15	0
0.155	0
0.16	54
0.165	0
0.17	0
0.175	0
0.18	54
0.185	0
0.19	0
0.195	0
0.2	54
0.205	0
0.21	0
0.215	0
0.22	54
0.225	0
0.23	0
0.235	0
0.24	54
0.245	0
0.25	0
0.255	0
0.26	54
0.265	0
0.27	0
0.275	0
0.28	54
0.285	0
0.29	0
0.295	0
0.3	54
0.305	0
0.31	0
0.315	0
0.32	54
0.325	0
0.33	0
0.335	0
0.34	54
0.345	0
0.35	0
0.355	0
0.36	54
0.365	0
0.37	0
0.375	0
0.38	54
0.385	0
0.39	0
0.395	0
0.4	54
0.405	0
0.41	0
0.415	0
0.42	54
0.425	0
0.43	0
0.435	0
0.44	54
0.445	0
0.45	0
0.455	0
0.46	54
0.465	0
0.47	0
0.475	0
0.48	54
0.485	0
0.49	0
0.495	0
0.5	54
0.505	0
0.51	0
0.515	0
0.52	54
0.525	0
0.53	0
0.535	0
0.54	54
0.545	0
0.55	0
0.555	0
0.56	54
0.565	0
0.57	0
0.575	0
0.58	54
0.585	0
0.59	0
0.595	0
0.6	54
0.605	0
0.61	0
0.615	0
0.62	54
0.625	0
0.63	0
0.635	0
0.64	54
0.645	0
0.65	0
0.655	0
0.66	54
0.665	0
0.67	0
0.675	0
0.68	54
0.685	0
0.69	0
0.695	0
0.7	54
0.705	0
0.71	0
0.715	0
0.72	54
0.725	0
0.73	0
0.735	0
0.74	54
0.745	0
0.75	0
0.755	0
0.76	54
0.765	0
0.77	0
0.775	0
0.78	54
0.785	0
0.79	0
0.795	0
0.8	54
0.805	0
0.81	0
0.815	0
0.82	54
0.825	0
0.83	0
0.835	0
0.84	54
0.845	0
0.85	0
0.855	0
0.86	54
0.865	0
0.87	0
0.875	0
0.88	54
0.885	0
0.89	0
0.895	0
0.9	54
0.905	0
0.91	0
0.915	0
0.92	54
0.925	0
0.93	0
0.935	0
0.94	54
0.945	0
0.95	0
0.955	0
0.96	54
0.965	0
0.97	0
0.975	0
0.98	54
0.985	0
0.99	0
0.995	0
1	54
1.005	0
1.01	0
1.015	0
1.02	54
1.025	0
1.03	0
1.035	0
1.04	54
1.045	0
1.05	0
1.055	0
1.06	54
1.065	0
1.07	0
1.075	0
1.08	54
1.085	0
1.09	0
1.095	0
1.1	54
1.105	0
1.11	0
1.115	0
1.12	54
1.125	0
1.13	0
1.135	0
1.14	54
1.145	0
1.15	0
1.155	0
1.16	54
1.165	0
1.17	0
1.175	0
1.18	54
1.185	0
1.19	0
1.195	0
1.2	54
1.205	0
1.21	0
1.215	0
1.22	54
1.225	0
1.23	0
1.235	0
1.24	54
1.245	0
1.25	0
1.255	0
1.26	54
1.265	0
1.27	0
1.275	0
1.28	54
1.285	0
1.29	0
1.295	0
1.3	54
1.305	0
1.31	0
1.315	0
1.32	54
1.325	0
1.33	0
1.335	0
1.34	54
1.345	0
1.35	0
1.355	0
1.36	54
1.365	0
1.37	0
1.375	0
1.38	54
1.385	0
1.39	0
1.395	0
1.4	54
1.405	0
1.41	0
1.415	0
1.42	54
1.425	0
1.43	0
1.435	0
1.44	54
1.445	0
1.45	0
1.455	0
1.46	54
1.465	0
1.47	0
1.475	0
1.48	54
1.485	0
1.49	0
1.495	0
1.5	54
1.505	0
1.51	0
1.515	0
1.52	54
1.525	0
1.53	0
1.535	0
1.54	54
1.545	0
1.55	0
1.555	0
1.56	54
1.565	0
1.57	0
1.575	0
1.58	54
1.585	0
1.59	0
1.595	0
1.6	54
1.605	0
1.61	0
1.615	0
1.62	54
1.625	0
1.63	0
1.635	0
1.64	54
1.645	0
1.65	0
1.655	0
1.66	54
1.665	0
1.67	0
1.675	0
1.68	54
1.685	0
1.69	0
1.695	0
1.7	54
1.705	0
1.71	0
1.715	0
1.72	54
1.725	0
1.73	0
1.735	0
1.74	54
1.745	0
1.75	0
1.755	0
1.76	54
1.765	0
1.77	0
1.775	0
1.78	54
1.785	0
1.79	0
1.795	0
1.8	54
1.805	0
1.81	0
1.815	0
1.82	54
1.825	0
1.83	0
1.835	0
1.84	54
1.845	0
1.85	0
1.855	0
1.86	54
1.865	0
1.87	0
1.875	0
1.88	54
1.885	0
1.89	0
1.895	0
1.9	54
1.905	0
1.91	0
1.915	0
1.92	54
1.925	0
1.93	0
1.935	0
1.94	54
1.945	0
1.95	0
1.955	0
1.96	54
1.965	0
1.97	0
1.975	0
1.98	54
1.985	0
1.99	0
1.995	0
2	54
2.005	0
2.01	0
2.015	0
2.02	54
2.025	0
2.03	0
2.035	0
2.04	54
2.045	0
2.05	0
2.055	0
2.06	54
2.065	0
2.07	0
2.075	0
2.08	54
2.085	0
2.09	0
2.095	0
2.1	54
2.105	0
2.11	0
2.115	0
2.12	54
2.125	0
2.13	0
2.135	0
2.14	54
2.145	0
2.15	0
2.155	0
2.16	54
2.165	0
2.17	0
2.175	0
2.18	54
2.185	0
2.19	0
2.195	0
2.2	54
2.205	0
2.21	0
2.215	0
2.22	54
2.225	0
2.23	0
2.235	0
2.24	54
2.245	0
2.25	0
2.255	0
2.26	54
2.265	0
2.27	0
2.275	0
2.28	54
2.285	0
2.29	0
2.295	0
2.3	54
2.305	0
2.31	0
2.315	0
2.32	54
2.325	0
2.33	0
2.335	0
2.34	54
2.345	0
2.35	0
2.355	0
2.36	54
2.365	0
2.37	0
2.375	0
2.38	54
2.385	0
2.39	0
2.395	0
2.4	54
2.405	0
2.41	0
2.415	0
2.42	54
2.425	0
2.43	0
2.435	0
2.44	54
2.445	0
2.45	0
2.455	0
2.46	54
2.465	0
2.47	0
2.475	0
2.48	54
2.485	0
2.49	0
2.495	0
2.5	54
2.505	0
2.51	0
2.515	0
2.52	54
2.525	0
2.53	0
2.535	0
2.54	54
2.545	0
2.55	0
2.555	0
2.56	54
2.565	0
2.57	0
2.575	0
2.58	54
2.585	0
2.59	0
2.595	0
2.6	54
2.605	0
2.61	0
2.615	0
2.62	54
2.625	0
2.63	0
2.635	0
2.64	54
2.645	0
2.65	0
2.655	0
2.66	54
2.665	0
2.67	0
2.675	0
2.68	54
2.685	0
2.69	0
2.695	0
2.7	54
2.705	0
2.71	0
2.715	0
2.72	54
2.725	0
2.73	0
2.735	0
2.74	54
2.745	0
2.75	0
2.755	0
2.76	54
2.765	0
2.77	0
2.775	0
2.78	54
2.785	0
2.79	0
2.795	0
2.8	54
2.805	0
2.81	0
2.815	0
2.82	54
2.825	0
2.83	0
2.835	0
2.84	54
2.845	0
2.85	0
2.855	0
2.86	54
2.865	0
2.87	0
2.875	0
2.88	54
2.885	0
2.89	0
2.895	0
2.9	54
2.905	0
2.91	0
2.915	0
2.92	54
2.925	0
2.93	0
2.935	0
2.94	54
2.945	0
2.95	0
2.955	0
2.96	54
2.965	0
2.97	0
2.975	0
2.98	54
2.985	0
2.99	0
2.995	0
3	54
3.005	0
3.01	0
3.015	0
3.02	54
3.025	0
3.03	0
3.035	0
3.04	54
3.045	0
3.05	0
3.055	0
3.06	54
3.065	0
3.07	0
3.075	0
3.08	54
3.085	0
3.09	0
3.095	0
3.1	54
3.105	0
3.11	0
3.115	0
3.12	54
3.125	0
3.13	0
3.135	0
3.14	54
3.145	0
3.15	0
3.155	0
3.16	54
3.165	0
3.17	0
3.175	0
3.18	54
3.185	0
3.19	0
3.195	0
3.2	54
3.205	0
3.21	0
3.215	0
3.22	54
3.225	0
3.23	0
3.235	0
3.24	54
3.245	0
3.25	0
3.255	0
3.26	54
3.265	0
3.27	0
3.275	0
3.28	54
3.285	0
3.29	0
3.295	0
3.3	54
3.305	0
3.31	0
3.315	0
3.32	54
3.325	0
3.33	0
3.335	0
3.34	54
3.345	0
3.35	0
3.355	0
3.36	54
3.365	0
3.37	0
3.375	0
3.38	54
3.385	0
3.39	0
3.395	0
3.4	54
3.405	0
3.41	0
3.415	0
3.42	54
3.425	0
3.43	0
3.435	0
3.44	54
3.445	0
3.45	0
3.455	0
3.46	54
3.465	0
3.47	0
3.475	0
3.48	54
3.485	0
3.49	0
3.495	0
3.5	54
3.505	0
3.51	0
3.515	0
3.52	54
3.525	0
3.53	0
3.535	0
3.54	54
3.545	0
3.55	0
3.555	0
3.56	54
3.565	0
3.57	0
3.575	0
3.58	54
3.585	0
3.59	0
3.595	0
3.6	54
3.605	0
3.61	0
3.615	0
3.62	54
3.625	0
3.63	0
3.635	0
3.64	54
3.645	0
3.65	0
3.655	0
3.66	54
3.665	0
3.67	0
3.675	0
3.68	54
3.685	0
3.69	0
3.695	0
3.7	54
3.705	0
3.71	0
3.715	0
3.72	54
3.725	0
3.73	0
3.735	0
3.74	54
3.745	0
3.75	0
3.755	0
3.76	54
3.765	0
3.77	0
3.775	0
3.78	54
3.785	0
3.79	0
3.795	0
3.8	54
3.805	0
3.81	0
3.815	0
3.82	54
3.825	0
3.83	0
3.835	0
3.84	54
3.845	0
3.85	0
3.855	0
3.86	54
3.865	0
3.87	0
3.875	0
3.88	54
3.885	0
3.89	0
3.895	0
3.9	54
3.905	0
3.91	0
3.915	0
3.92	54
3.925	0
3.93	0
3.935	0
3.94	54
3.945	0
3.95	0
3.955	0
3.96	54
3.965	0
3.97	0
3.975	0
3.98	54
3.985	0
3.99	0
3.995	0
4	54
4.005	0
4.01	0
4.015	0
4.02	54
4.025	0
4.03	0
4.035	0
4.04	54
4.045	0
4.05	0
4.055	0
4.06	54
4.065	0
4.07	0
4.075	0
4.08	54
4.085	0
4.09	0
4.095	0
4.1	54
4.105	0
4.11	0
4.115	0
4.12	54
4.125	0
4.13	0
4.135	0
4.14	54
4.145	0
4.15	0
4.155	0
4.16	54
4.165	0
4.17	0
4.175	0
4.18	54
4.185	0
4.19	0
4.195	0
4.2	54
4.205	0
4.21	0
4.215	0
4.22	54
4.225	0
4.23	0
4.235	0
4.24	54
4.245	0
4.25	0
4.255	0
4.26	54
4.265	0
4.27	0
4.275	0
4.28	54
4.285	0
4.29	0
4.295	0
4.3	54
4.305	0
4.31	0
4.315	0
4.32	54
4.325	0
4.33	0
4.335	0
4.34	54
4.345	0
4.35	0
4.355	0
4.36	54
4.365	0
4.37	0
4.375	0
4.38	54
4.385	0
4.39	0
4.395	0
4.4	54
4.405	0
4.41	0
4.415	0
4.42	54
4.425	0
4.43	0
4.435	0
4.44	54
4.445	0
4.45	0
4.455	0
4.46	54
4.465	0
4.47	0
4.475	0
4.48	54
4.485	0
4.49	0
4.495	0
4.5	54
4.505	0
4.51	0
4.515	0
4.52	54
4.525	0
4.53	0
4.535	0
4.54	54
4.545	0
4.55	0
4.555	0
4.56	54
4.565	0
4.57	0
4.575	0
4.58	54
4.585	0
4.59	0
4.595	0
4.6	54
4.605	0
4.61	0
4.615	0
4.62	54
4.625	0
4.63	0
4.635	0
4.64	54
4.645	0
4.65	0
4.655	0
4.66	54
4.665	0
4.67	0
4.675	0
4.68	54
4.685	0
4.69	0
4.695	0
4.7	54
4.705	0
4.71	0
4.715	0
4.72	54
4.725	0
4.73	0
4.735	0
4.74	54
4.745	0
4.75	0
4.755	0
4.76	54
4.765	0
4.77	0
4.775	0
4.78	54
4.785	0
4.79	0
4.795	0
4.8	54
4.805	0
4.81	0
4.815	0
4.82	54
4.825	0
4.83	0
4.835	0
4.84	54
4.845	0
4.85	0
4.855	0
4.86	54
4.865	0
4.87	0
4.875	0
4.88	54
4.885	0
4.89	0
4.895	0
4.9	54
4.905	0
4.91	0
4.915	0
4.92	54
4.925	0
4.93	0
4.935	0
4.94	54
4.945	0
4.95	0
4.955	0
4.96	54
4.965	0
4.97	0
4.975	0
4.98	54
4.985	0
4.99	0
4.995	0
5	54
5.005	0
5.01	0
5.015	0
5.02	54
5.025	0
5.03	0
5.035	0
5.04	54
5.045	0
5.05	0
5.055	0
5.06	54
5.065	0
5.07	0
5.075	0
5.08	54
5.085	0
5.09	0
5.095	0
5.1	54
5.105	0
5.11	0
5.115	0
5.12	54
5.125	0
5.13	0
5.135	0
5.14	54
5.145	0
5.15	0
5.155	0
5.16	54
5.165	0
5.17	0
5.175	0
5.18	54
5.185	0
5.19	0
5.195	0
5.2	54
5.205	0
5.21	0
5.215	0
5.22	54
5.225	0
5.23	0
5.235	0
5.24	54
5.245	0
5.25	0
5.255	0
5.26	54
5.265	0
5.27	0
5.275	0
5.28	54
5.285	0
5.29	0
5.295	0
5.3	54
5.305	0
5.31	0
5.315	0
5.32	54
5.325	0
5.33	0
5.335	0
5.34	54
5.345	0
5.35	0
5.355	0
5.36	54
5.365	0
5.37	0
5.375	0
5.38	54
5.385	0
5.39	0
5.395	0
5.4	54
5.405	0
5.41	0
5.415	0
5.42	54
5.425	0
5.43	0
5.435	0
5.44	54
5.445	0
5.45	0
5.455	0
5.46	54
5.465	0
5.47	0
5.475	0
5.48	54
5.485	0
5.49	0
5.495	0
5.5	54
5.505	0
5.51	0
5.515	0
5.52	54
5.525	0
5.53	0
5.535	0
5.54	54
5.545	0
5.55	0
5.555	0
5.56	54
5.565	0
5.57	0
5.575	0
5.58	54
5.585	0
5.59	0
5.595	0
5.6	54
5.605	0
5.61	0
5.615	0
5.62	54
5.625	0
5.63	0
5.635	0
5.64	54
5.645	0
5.65	0
5.655	0
5.66	54
5.665	0
5.67	0
5.675	0
5.68	54
5.685	0
5.69	0
5.695	0
5.7	54
5.705	0
5.71	0
5.715	0
5.72	54
5.725	0
5.73	0
5.735	0
5.74	54
5.745	0
5.75	0
5.755	0
5.76	54
5.765	0
5.77	0
5.775	0
5.78	54
5.785	0
5.79	0
5.795	0
5.8	54
5.805	0
5.81	0
5.815	0
5.82	54
5.825	0
5.83	0
5.835	0
5.84	54
5.845	0
5.85	0
5.855	0
5.86	54
5.865	0
5.87	0
5.875	0
5.88	54
5.885	0
5.89	0
5.895	0
5.9	54
5.905	0
5.91	0
5.915	0
5.92	54
5.925	0
5.93	0
5.935	0
5.94	54
5.945	0
5.95	0
5.955	0
5.96	54
5.965	0
5.97	0
5.975	0
5.98	54
5.985	0
5.99	0
5.995	0
6	54
6.005	0
6.01	0
6.015	0
6.02	54
6.025	0
6.03	0
6.035	0
6.04	54
6.045	0
6.05	0
6.055	0
6.06	54
6.065	0
6.07	0
6.075	0
6.08	54
6.085	0
6.09	0
6.095	0
6.1	54
6.105	0
6.11	0
6.115	0
6.12	54
6.125	0
6.13	0
6.135	0
6.14	54
6.145	0
6.15	0
6.155	0
6.16	54
6.165	0
6.17	0
6.175	0
6.18	54
6.185	0
6.19	0
6.195	0
6.2	54
6.205	0
6.21	0
6.215	0
6.22	54
6.225	0
6.23	0
6.235	0
6.24	54
6.245	0
6.25	0
6.255	0
6.26	54
6.265	0
6.27	0
6.275	0
6.28	54
6.285	0
6.29	0
6.295	0
6.3	54
6.305	0
6.31	0
6.315	0
6.32	54
6.325	0
6.33	0
6.335	0
6.34	54
6.345	0
6.35	0
6.355	0
6.36	54
6.365	0
6.37	0
6.375	0
6.38	54
6.385	0
6.39	0
6.395	0
6.4	54
6.405	0
6.41	0
6.415	0
6.42	54
6.425	0
6.43	0
6.435	0
6.44	54
6.445	0
6.45	0
6.455	0
6.46	54
6.465	0
6.47	0
6.475	0
6.48	54
6.485	0
6.49	0
6.495	0
6.5	54
6.505	0
6.51	0
6.515	0
6.52	54
6.525	0
6.53	0
6.535	0
6.54	54
6.545	0
6.55	0
6.555	0
6.56	54
6.565	0
6.57	0
6.575	0
6.58	54
6.585	0
6.59	0
6.595	0
6.6	54
6.605	0
6.61	0
6.615	0
6.62	54
6.625	0
6.63	0
6.635	0
6.64	54
6.645	0
6.65	0
6.655	0
6.66	54
6.665	0
6.67	0
6.675	0
6.68	54
6.685	0
6.69	0
6.695	0
6.7	54
6.705	0
6.71	0
6.715	0
6.72	54
6.725	0
6.73	0
6.735	0
6.74	54
6.745	0
6.75	0
6.755	0
6.76	54
6.765	0
6.77	0
6.775	0
6.78	54
6.785	0
6.79	0
6.795	0
6.8	54
6.805	0
6.81	0
6.815	0
6.82	54
6.825	0
6.83	0
6.835	0
6.84	54
6.845	0
6.85	0
6.855	0
6.86	54
6.865	0
6.87	0
6.875	0
6.88	54
6.885	0
6.89	0
6.895	0
6.9	54
6.905	0
6.91	0
6.915	0
6.92	54
6.925	0
6.93	0
6.935	0
6.94	54
6.945	0
6.95	0
6.955	0
6.96	54
6.965	0
6.97	0
6.975	0
6.98	54
6.985	0
6.99	0
6.995	0
7	54
7.005	0
7.01	0
7.015	0
7.02	54
7.025	0
7.03	0
7.035	0
7.04	54
7.045	0
7.05	0
7.055	0
7.06	54
7.065	0
7.07	0
7.075	0
7.08	54
7.085	0
7.09	0
7.095	0
7.1	54
7.105	0
7.11	0
7.115	0
7.12	54
7.125	0
7.13	0
7.135	0
7.14	54
7.145	0
7.15	0
7.155	0
7.16	54
7.165	0
7.17	0
7.175	0
7.18	54
7.185	0
7.19	0
7.195	0
7.2	54
7.205	0
7.21	0
7.215	0
7.22	54
7.225	0
7.23	0
7.235	0
7.24	54
7.245	0
7.25	0
7.255	0
7.26	54
7.265	0
7.27	0
7.275	0
7.28	54
7.285	0
7.29	0
7.295	0
7.3	54
7.305	0
7.31	0
7.315	0
7.32	54
7.325	0
7.33	0
7.335	0
7.34	54
7.345	0
7.35	0
7.355	0
7.36	54
7.365	0
7.37	0
7.375	0
7.38	54
7.385	0
7.39	0
7.395	0
7.4	54
7.405	0
7.41	0
7.415	0
7.42	54
7.425	0
7.43	0
7.435	0
7.44	54
7.445	0
7.45	0
7.455	0
7.46	54
7.465	0
7.47	0
7.475	0
7.48	54
7.485	0
7.49	0
7.495	0
7.5	54
7.505	0
7.51	0
7.515	0
7.52	54
7.525	0
7.53	0
7.535	0
7.54	54
7.545	0
7.55	0
7.555	0
7.56	54
7.565	0
7.57	0
7.575	0
7.58	54
7.585	0
7.59	0
7.595	0
7.6	54
7.605	0
7.61	0
7.615	0
7.62	54
7.625	0
7.63	0
7.635	0
7.64	54
7.645	0
7.65	0
7.655	0
7.66	54
7.665	0
7.67	0
7.675	0
7.68	54
7.685	0
7.69	0
7.695	0
7.7	54
7.705	0
7.71	0
7.715	0
7.72	54
7.725	0
7.73	0
7.735	0
7.74	54
7.745	0
7.75	0
7.755	0
7.76	54
7.765	0
7.77	0
7.775	0
7.78	54
7.785	0
7.79	0
7.795	0
7.8	54
7.805	0
7.81	0
7.815	0
7.82	54
7.825	0
7.83	0
7.835	0
7.84	54
7.845	0
7.85	0
7.855	0
7.86	54
7.865	0
7.87	0
7.875	0
7.88	54
7.885	0
7.89	0
7.895	0
7.9	54
7.905	0
7.91	0
7.915	0
7.92	54
7.925	0
7.93	0
7.935	0
7.94	54
7.945	0
7.95	0
7.955	0
7.96	54
7.965	0
7.97	0
7.975	0
7.98	54
7.985	0
7.99	0
7.995	0
8	54
8.005	0
8.01	0
8.015	0
8.02	54
8.025	0
8.03	0
8.035	0
8.04	54
8.045	0
8.05	0
8.055	0
8.06	54
8.065	0
8.07	0
8.075	0
8.08	54
8.085	0
8.09	0
8.095	0
8.1	54
8.105	0
8.11	0
8.115	0
8.12	54
8.125	0
8.13	0
8.135	0
8.14	54
8.145	0
8.15	0
8.155	0
8.16	54
8.165	0
8.17	0
8.175	0
8.18	54
8.185	0
8.19	0
8.195	0
8.2	54
8.205	0
8.21	0
8.215	0
8.22	54
8.225	0
8.23	0
8.235	0
8.24	54
8.245	0
8.25	0
8.255	0
8.26	54
8.265	0
8.27	0
8.275	0
8.28	54
8.285	0
8.29	0
8.295	0
8.3	54
8.305	0
8.31	0
8.315	0
8.32	54
8.325	0
8.33	0
8.335	0
8.34	54
8.345	0
8.35	0
8.355	0
8.36	54
8.365	0
8.37	0
8.375	0
8.38	54
8.385	0
8.39	0
8.395	0
8.4	54
8.405	0
8.41	0
8.415	0
8.42	54
8.425	0
8.43	0
8.435	0
8.44	54
8.445	0
8.45	0
8.455	0
8.46	54
8.465	0
8.47	0
8.475	0
8.48	54
8.485	0
8.49	0
8.495	0
8.5	54
8.505	0
8.51	0
8.515	0
8.52	54
8.525	0
8.53	0
8.535	0
8.54	54
8.545	0
8.55	0
8.555	0
8.56	54
8.565	0
8.57	0
8.575	0
8.58	54
8.585	0
8.59	0
8.595	0
8.6	54
8.605	0
8.61	0
8.615	0
8.62	54
8.625	0
8.63	0
8.635	0
8.64	54
8.645	0
8.65	0
8.655	0
8.66	54
8.665	0
8.67	0
8.675	0
8.68	54
8.685	0
8.69	0
8.695	0
8.7	54
8.705	0
8.71	0
8.715	0
8.72	54
8.725	0
8.73	0
8.735	0
8.74	54
8.745	0
8.75	0
8.755	0
8.76	54
8.765	0
8.77	0
8.775	0
8.78	54
8.785	0
8.79	0
8.795	0
8.8	54
8.805	0
8.81	0
8.815	0
8.82	54
8.825	0
8.83	0
8.835	0
8.84	54
8.845	0
8.85	0
8.855	0
8.86	54
8.865	0
8.87	0
8.875	0
8.88	54
8.885	0
8.89	0
8.895	0
8.9	54
8.905	0
8.91	0
8.915	0
8.92	54
8.925	0
8.93	0
8.935	0
8.94	54
8.945	0
8.95	0
8.955	0
8.96	54
8.965	0
8.97	0
8.975	0
8.98	54
8.985	0
8.99	0
8.995	0
9	54
9.005	0
9.01	0
9.015	0
9.02	54
9.025	0
9.03	0
9.035	0
9.04	54
9.045	0
9.05	0
9.055	0
9.06	54
9.065	0
9.07	0
9.075	0
9.08	54
9.085	0
9.09	0
9.095	0
9.1	54
9.105	0
9.11	0
9.115	0
9.12	54
9.125	0
9.13	0
9.135	0
9.14	54
9.145	0
9.15	0
9.155	0
9.16	54
9.165	0
9.17	0
9.175	0
9.18	54
9.185	0
9.19	0
9.195	0
9.2	54
9.205	0
9.21	0
9.215	0
9.22	54
9.225	0
9.23	0
9.235	0
9.24	54
9.245	0
9.25	0
9.255	0
9.26	54
9.265	0
9.27	0
9.275	0
9.28	54
9.285	0
9.29	0
9.295	0
9.3	54
9.305	0
9.31	0
9.315	0
9.32	54
9.325	0
9.33	0
9.335	0
9.34	54
9.345	0
9.35	0
9.355	0
9.36	54
9.365	0
9.37	0
9.375	0
9.38	54
9.385	0
9.39	0
9.395	0
9.4	54
9.405	0
9.41	0
9.415	0
9.42	54
9.425	0
9.43	0
9.435	0
9.44	54
9.445	0
9.45	0
9.455	0
9.46	54
9.465	0
9.47	0
9.475	0
9.48	54
9.485	0
9.49	0
9.495	0
9.5	54
9.505	0
9.51	0
9.515	0
9.52	54
9.525	0
9.53	0
9.535	0
9.54	54
9.545	0
9.55	0
9.555	0
9.56	54
9.565	0
9.57	0
9.575	0
9.58	54
9.585	0
9.59	0
9.595	0
9.6	54
9.605	0
9.61	0
9.615	0
9.62	54
9.625	0
9.63	0
9.635	0
9.64	54
9.645	0
9.65	0
9.655	0
9.66	54
9.665	0
9.67	0
9.675	0
9.68	54
9.685	0
9.69	0
9.695	0
9.7	54
9.705	0
9.71	0
9.715	0
9.72	54
9.725	0
9.73	0
9.735	0
9.74	54
9.745	0
9.75	0
9.755	0
9.76	54
9.765	0
9.77	0
9.775	0
9.78	54
9.785	0
9.79	0
9.795	0
9.8	54
9.805	0
9.81	0
9.815	0
9.82	54
9.825	0
9.83	0
9.835	0
9.84	54
9.845	0
9.85	0
9.855	0
9.86	54
9.865	0
9.87	0
9.875	0
9.88	54
9.885	0
9.89	0
9.895	0
9.9	54
9.905	0
9.91	0
9.915	0
9.92	54
9.925	0
9.93	0
9.935	0
9.94	54
9.945	0
9.95	0
9.955	0
9.96	54
9.965	0
9.97	0
9.975	0
9.98	54
9.985	0
9.99	0
9.995	0
10	54
10.005	0
10.01	0
10.015	0
10.02	54
10.025	0
10.03	0
10.035	0
10.04	54
10.045	0
10.05	0
10.055	0
10.06	54
10.065	0
10.07	0
10.075	0
10.08	54
10.085	0
10.09	0
10.095	0
10.1	54
10.105	0
10.11	0
10.115	0
10.12	54
10.125	0
10.13	0
10.135	0
10.14	54
10.145	0
10.15	0
10.155	0
10.16	54
10.165	0
10.17	0
10.175	0
10.18	54
10.185	0
10.19	0
10.195	0
10.2	54
10.205	0
10.21	0
10.215	0
10.22	54
10.225	0
10.23	0
10.235	0
10.24	54
10.245	0
10.25	0
10.255	0
10.26	54
10.265	0
10.27	0
10.275	0
10.28	54
10.285	0
10.29	0
10.295	0
10.3	54
10.305	0
10.31	0
10.315	0
10.32	54
10.325	0
10.33	0
10.335	0
10.34	54
10.345	0
10.35	0
10.355	0
10.36	54
10.365	0
10.37	0
10.375	0
10.38	54
10.385	0
10.39	0
10.395	0
10.4	54
10.405	0
10.41	0
10.415	0
10.42	54
10.425	0
10.43	0
10.435	0
10.44	54
10.445	0
10.45	0
10.455	0
10.46	54
10.465	0
10.47	0
10.475	0
10.48	54
10.485	0
10.49	0
10.495	0
10.5	54
10.505	0
10.51	0
10.515	0
10.52	54
10.525	0
10.53	0
10.535	0
10.54	54
10.545	0
10.55	0
10.555	0
10.56	54
10.565	0
10.57	0
10.575	0
10.58	54
10.585	0
10.59	0
10.595	0
10.6	54
10.605	0
10.61	0
10.615	0
10.62	54
10.625	0
10.63	0
10.635	0
10.64	54
10.645	0
10.65	0
10.655	0
10.66	54
10.665	0
10.67	0
10.675	0
10.68	54
10.685	0
10.69	0
10.695	0
10.7	54
10.705	0
10.71	0
10.715	0
10.72	54
10.725	0
10.73	0
10.735	0
10.74	54
10.745	0
10.75	0
10.755	0
10.76	54
10.765	0
10.77	0
10.775	0
10.78	54
10.785	0
10.79	0
10.795	0
10.8	54
10.805	0
10.81	0
10.815	0
10.82	54
10.825	0
10.83	0
10.835	0
10.84	54
10.845	0
10.85	0
10.855	0
10.86	54
10.865	0
10.87	0
10.875	0
10.88	54
10.885	0
10.89	0
10.895	0
10.9	54
10.905	0
10.91	0
10.915	0
10.92	54
10.925	0
10.93	0
10.935	0
10.94	54
10.945	0
10.95	0
10.955	0
10.96	54
10.965	0
10.97	0
10.975	0
10.98	54
10.985	0
10.99	0
10.995	0
11	54
11.005	0
11.01	0
11.015	0
11.02	54
11.025	0
11.03	0
11.035	0
11.04	54
11.045	0
11.05	0
11.055	0
11.06	54
11.065	0
11.07	0
11.075	0
11.08	54
11.085	0
11.09	0
11.095	0
11.1	54
11.105	0
11.11	0
11.115	0
11.12	54
11.125	0
11.13	0
11.135	0
11.14	54
11.145	0
11.15	0
11.155	0
11.16	54
11.165	0
11.17	0
11.175	0
11.18	54
11.185	0
11.19	0
11.195	0
11.2	54
11.205	0
11.21	0
11.215	0
11.22	54
11.225	0
11.23	0
11.235	0
11.24	54
11.245	0
11.25	0
11.255	0
11.26	54
11.265	0
11.27	0
11.275	0
11.28	54
11.285	0
11.29	0
11.295	0
11.3	54
11.305	0
11.31	0
11.315	0
11.32	54
11.325	0
11.33	0
11.335	0
11.34	54
11.345	0
11.35	0
11.355	0
11.36	54
11.365	0
11.37	0
11.375	0
11.38	54
11.385	0
11.39	0
11.395	0
11.4	54
11.405	0
11.41	0
11.415	0
11.42	54
11.425	0
11.43	0
11.435	0
11.44	54
11.445	0
11.45	0
11.455	0
11.46	54
11.465	0
11.47	0
11.475	0
11.48	54
11.485	0
11.49	0
11.495	0
11.5	54
11.505	0
11.51	0
11.515	0
11.52	54
11.525	0
11.53	0
11.535	0
11.54	54
11.545	0
11.55	0
11.555	0
11.56	54
11.565	0
11.57	0
11.575	0
11.58	54
11.585	0
11.59	0
11.595	0
11.6	54
11.605	0
11.61	0
11.615	0
11.62	54
11.625	0
11.63	0
11.635	0
11.64	54
11.645	0
11.65	0
11.655	0
11.66	54
11.665	0
11.67	0
11.675	0
11.68	54
11.685	0
11.69	0
11.695	0
11.7	54
11.705	0
11.71	0
11.715	0
11.72	54
11.725	0
11.73	0
11.735	0
11.74	54
11.745	0
11.75	0
11.755	0
11.76	54
11.765	0
11.77	0
11.775	0
11.78	54
11.785	0
11.79	0
11.795	0
11.8	54
11.805	0
11.81	0
11.815	0
11.82	54
11.825	0
11.83	0
11.835	0
11.84	54
11.845	0
11.85	0
11.855	0
11.86	54
11.865	0
11.87	0
11.875	0
11.88	54
11.885	0
11.89	0
11.895	0
11.9	54
11.905	0
11.91	0
11.915	0
11.92	54
11.925	0
11.93	0
11.935	0
11.94	54
11.945	0
11.95	0
11.955	0
11.96	54
11.965	0
11.97	0
11.975	0
11.98	54
11.985	0
11.99	0
11.995	0
12	54
12.005	0
12.01	0
12.015	0
12.02	54
12.025	0
12.03	0
12.035	0
12.04	54
12.045	0
12.05	0
12.055	0
12.06	54
12.065	0
12.07	0
12.075	0
12.08	54
12.085	0
12.09	0
12.095	0
12.1	54
12.105	0
12.11	0
12.115	0
12.12	54
12.125	0
12.13	0
12.135	0
12.14	54
12.145	0
12.15	0
12.155	0
12.16	54
12.165	0
12.17	0
12.175	0
12.18	54
12.185	0
12.19	0
12.195	0
12.2	54
12.205	0
12.21	0
12.215	0
12.22	54
12.225	0
12.23	0
12.235	0
12.24	54
12.245	0
12.25	0
12.255	0
12.26	54
12.265	0
12.27	0
12.275	0
12.28	54
12.285	0
12.29	0
12.295	0
12.3	54
12.305	0
12.31	0
12.315	0
12.32	54
12.325	0
12.33	0
12.335	0
12.34	54
12.345	0
12.35	0
12.355	0
12.36	54
12.365	0
12.37	0
12.375	0
12.38	54
12.385	0
12.39	0
12.395	0
12.4	54
12.405	0
12.41	0
12.415	0
12.42	54
12.425	0
12.43	0
12.435	0
12.44	54
12.445	0
12.45	0
12.455	0
12.46	54
12.465	0
12.47	0
12.475	0
12.48	54
12.485	0
12.49	0
12.495	0
12.5	54
12.505	0
12.51	0
12.515	0
12.52	54
12.525	0
12.53	0
12.535	0
12.54	54
12.545	0
12.55	0
12.555	0
12.56	54
12.565	0
12.57	0
12.575	0
12.58	54
12.585	0
12.59	0
12.595	0
12.6	54
12.605	0
12.61	0
12.615	0
12.62	54
12.625	0
12.63	0
12.635	0
12.64	54
12.645	0
12.65	0
12.655	0
12.66	54
12.665	0
12.67	0
12.675	0
12.68	54
12.685	0
12.69	0
12.695	0
12.7	54
12.705	0
12.71	0
12.715	0
12.72	54
12.725	0
12.73	0
12.735	0
12.74	54
12.745	0
12.75	0
12.755	0
12.76	54
12.765	0
12.77	0
12.775	0
12.78	54
12.785	0
12.79	0
12.795	0
12.8	54
12.805	0
12.81	0
12.815	0
12.82	54
12.825	0
12.83	0
12.835	0
12.84	54
12.845	0
12.85	0
12.855	0
12.86	54
12.865	0
12.87	0
12.875	0
12.88	54
12.885	0
12.89	0
12.895	0
12.9	54
12.905	0
12.91	0
12.915	0
12.92	54
12.925	0
12.93	0
12.935	0
12.94	54
12.945	0
12.95	0
12.955	0
12.96	54
12.965	0
12.97	0
12.975	0
12.98	54
12.985	0
12.99	0
12.995	0
13	54
13.005	0
13.01	0
13.015	0
13.02	54
13.025	0
13.03	0
13.035	0
13.04	54
13.045	0
13.05	0
13.055	0
13.06	54
13.065	0
13.07	0
13.075	0
13.08	54
13.085	0
13.09	0
13.095	0
13.1	54
13.105	0
13.11	0
13.115	0
13.12	54
13.125	0
13.13	0
13.135	0
13.14	54
13.145	0
13.15	0
13.155	0
13.16	54
13.165	0
13.17	0
13.175	0
13.18	54
13.185	0
13.19	0
13.195	0
13.2	54
13.205	0
13.21	0
13.215	0
13.22	54
13.225	0
13.23	0
13.235	0
13.24	54
13.245	0
13.25	0
13.255	0
13.26	54
13.265	0
13.27	0
13.275	0
13.28	54
13.285	0
13.29	0
13.295	0
13.3	54
13.305	0
13.31	0
13.315	0
13.32	54
13.325	0
13.33	0
13.335	0
13.34	54
13.345	0
13.35	0
13.355	0
13.36	54
13.365	0
13.37	0
13.375	0
13.38	54
13.385	0
13.39	0
13.395	0
13.4	54
13.405	0
13.41	0
13.415	0
13.42	54
13.425	0
13.43	0
13.435	0
13.44	54
13.445	0
13.45	0
13.455	0
13.46	54
13.465	0
13.47	0
13.475	0
13.48	54
13.485	0
13.49	0
13.495	0
13.5	54
13.505	0
13.51	0
13.515	0
13.52	54
13.525	0
13.53	0
13.535	0
13.54	54
13.545	0
13.55	0
13.555	0
13.56	54
13.565	0
13.57	0
13.575	0
13.58	54
13.585	0
13.59	0
13.595	0
13.6	54
13.605	0
13.61	0
13.615	0
13.62	54
13.625	0
13.63	0
13.635	0
13.64	54
13.645	0
13.65	0
13.655	0
13.66	54
13.665	0
13.67	0
13.675	0
13.68	54
13.685	0
13.69	0
13.695	0
13.7	54
13.705	0
13.71	0
13.715	0
13.72	54
13.725	0
13.73	0
13.735	0
13.74	54
13.745	0
13.75	0
13.755	0
13.76	54
13.765	0
13.77	0
13.775	0
13.78	54
13.785	0
13.79	0
13.795	0
13.8	54
13.805	0
13.81	0
13.815	0
13.82	54
13.825	0
13.83	0
13.835	0
13.84	54
13.845	0
13.85	0
13.855	0
13.86	54
13.865	0
13.87	0
13.875	0
13.88	54
13.885	0
13.89	0
13.895	0
13.9	54
13.905	0
13.91	0
13.915	0
13.92	54
13.925	0
13.93	0
13.935	0
13.94	54
13.945	0
13.95	0
13.955	0
13.96	54
13.965	0
13.97	0
13.975	0
13.98	54
13.985	0
13.99	0
13.995	0
14	54
14.005	0
14.01	0
14.015	0
14.02	54
14.025	0
14.03	0
14.035	0
14.04	54
14.045	0
14.05	0
14.055	0
14.06	54
14.065	0
14.07	0
14.075	0
14.08	54
14.085	0
14.09	0
14.095	0
14.1	54
14.105	0
14.11	0
14.115	0
14.12	54
14.125	0
14.13	0
14.135	0
14.14	54
14.145	0
14.15	0
14.155	0
14.16	54
14.165	0
14.17	0
14.175	0
14.18	54
14.185	0
14.19	0
14.195	0
14.2	54
14.205	0
14.21	0
14.215	0
14.22	54
14.225	0
14.23	0
14.235	0
14.24	54
14.245	0
14.25	0
14.255	0
14.26	54
14.265	0
14.27	0
14.275	0
14.28	54
14.285	0
14.29	0
14.295	0
14.3	54
14.305	0
14.31	0
14.315	0
14.32	54
14.325	0
14.33	0
14.335	0
14.34	54
14.345	0
14.35	0
14.355	0
14.36	54
14.365	0
14.37	0
14.375	0
14.38	54
14.385	0
14.39	0
14.395	0
14.4	54
14.405	0
14.41	0
14.415	0
14.42	54
14.425	0
14.43	0
14.435	0
14.44	54
14.445	0
14.45	0
14.455	0
14.46	54
14.465	0
14.47	0
14.475	0
14.48	54
14.485	0
14.49	0
14.495	0
14.5	54
14.505	0
14.51	0
14.515	0
14.52	54
14.525	0
14.53	0
14.535	0
14.54	54
14.545	0
14.55	0
14.555	0
14.56	54
14.565	0
14.57	0
14.575	0
14.58	54
14.585	0
14.59	0
14.595	0
14.6	54
14.605	0
14.61	0
14.615	0
14.62	54
14.625	0
14.63	0
14.635	0
14.64	54
14.645	0
14.65	0
14.655	0
14.66	54
14.665	0
14.67	0
14.675	0
14.68	54
14.685	0
14.69	0
14.695	0
14.7	54
14.705	0
14.71	0
14.715	0
14.72	54
14.725	0
14.73	0
14.735	0
14.74	54
14.745	0
14.75	0
14.755	0
14.76	54
14.765	0
14.77	0
14.775	0
14.78	54
14.785	0
14.79	0
14.795	0
14.8	54
14.805	0
14.81	0
14.815	0
14.82	54
14.825	0
14.83	0
14.835	0
14.84	54
14.845	0
14.85	0
14.855	0
14.86	54
14.865	0
14.87	0
14.875	0
14.88	54
14.885	0
14.89	0
14.895	0
14.9	54
14.905	0
14.91	0
14.915	0
14.92	54
14.925	0
14.93	0
14.935	0
14.94	54
14.945	0
14.95	0
14.955	0
14.96	54
14.965	0
14.97	0
14.975	0
14.98	54
14.985	0
14.99	0
14.995	0
15	54
15.005	0
15.01	0
15.015	0
15.02	54
15.025	0
15.03	0
15.035	0
15.04	54
15.045	0
15.05	0
15.055	0
15.06	54
15.065	0
15.07	0
15.075	0
15.08	54
15.085	0
15.09	0
15.095	0
15.1	54
15.105	0
15.11	0
15.115	0
15.12	54
15.125	0
15.13	0
15.135	0
15.14	54
15.145	0
15.15	0
15.155	0
15.16	54
15.165	0
15.17	0
15.175	0
15.18	54
15.185	0
15.19	0
15.195	0
15.2	54
15.205	0
15.21	0
15.215	0
15.22	54
15.225	0
15.23	0
15.235	0
15.24	54
15.245	0
15.25	0
15.255	0
15.26	54
15.265	0
15.27	0
15.275	0
15.28	54
15.285	0
15.29	0
15.295	0
15.3	54
15.305	0
15.31	0
15.315	0
15.32	54
15.325	0
15.33	0
15.335	0
15.34	54
15.345	0
15.35	0
15.355	0
15.36	54
15.365	0
15.37	0
15.375	0
15.38	54
15.385	0
15.39	0
15.395	0
15.4	54
15.405	0
15.41	0
15.415	0
15.42	54
15.425	0
15.43	0
15.435	0
15.44	54
15.445	0
15.45	0
15.455	0
15.46	54
15.465	0
15.47	0
15.475	0
15.48	54
15.485	0
15.49	0
15.495	0
15.5	54
15.505	0
15.51	0
15.515	0
15.52	54
15.525	0
15.53	0
15.535	0
15.54	54
15.545	0
15.55	0
15.555	0
15.56	54
15.565	0
15.57	0
15.575	0
15.58	54
15.585	0
15.59	0
15.595	0
15.6	54
15.605	0
15.61	0
15.615	0
15.62	54
15.625	0
15.63	0
15.635	0
15.64	54
15.645	0
15.65	0
15.655	0
15.66	54
15.665	0
15.67	0
15.675	0
15.68	54
15.685	0
15.69	0
15.695	0
15.7	54
15.705	0
15.71	0
15.715	0
15.72	54
15.725	0
15.73	0
15.735	0
15.74	54
15.745	0
15.75	0
15.755	0
15.76	54
15.765	0
15.77	0
15.775	0
15.78	54
15.785	0
15.79	0
15.795	0
15.8	54
15.805	0
15.81	0
15.815	0
15.82	54
15.825	0
15.83	0
15.835	0
15.84	54
15.845	0
15.85	0
15.855	0
15.86	54
15.865	0
15.87	0
15.875	0
15.88	54
15.885	0
15.89	0
15.895	0
15.9	54
15.905	0
15.91	0
15.915	0
15.92	54
15.925	0
15.93	0
15.935	0
15.94	54
15.945	0
15.95	0
15.955	0
15.96	54
15.965	0
15.97	0
15.975	0
15.98	54
15.985	0
15.99	0
15.995	0
16	54
16.005	0
16.01	0
16.015	0
16.02	54
16.025	0
16.03	0
16.035	0
16.04	54
16.045	0
16.05	0
16.055	0
16.06	54
16.065	0
16.07	0
16.075	0
16.08	54
16.085	0
16.09	0
16.095	0
16.1	54
16.105	0
16.11	0
16.115	0
16.12	54
16.125	0
16.13	0
16.135	0
16.14	54
16.145	0
16.15	0
16.155	0
16.16	54
16.165	0
16.17	0
16.175	0
16.18	54
16.185	0
16.19	0
16.195	0
16.2	54
16.205	0
16.21	0
16.215	0
16.22	54
16.225	0
16.23	0
16.235	0
16.24	54
16.245	0
16.25	0
16.255	0
16.26	54
16.265	0
16.27	0
16.275	0
16.28	54
16.285	0
16.29	0
16.295	0
16.3	54
16.305	0
16.31	0
16.315	0
16.32	54
16.325	0
16.33	0
16.335	0
16.34	54
16.345	0
16.35	0
16.355	0
16.36	54
16.365	0
16.37	0
16.375	0
16.38	54
16.385	0
16.39	0
16.395	0
16.4	54
16.405	0
16.41	0
16.415	0
16.42	54
16.425	0
16.43	0
16.435	0
16.44	54
16.445	0
16.45	0
16.455	0
16.46	54
16.465	0
16.47	0
16.475	0
16.48	54
16.485	0
16.49	0
16.495	0
16.5	54
16.505	0
16.51	0
16.515	0
16.52	54
16.525	0
16.53	0
16.535	0
16.54	54
16.545	0
16.55	0
16.555	0
16.56	54
16.565	0
16.57	0
16.575	0
16.58	54
16.585	0
16.59	0
16.595	0
16.6	54
16.605	0
16.61	0
16.615	0
16.62	54
16.625	0
16.63	0
16.635	0
16.64	54
16.645	0
16.65	0
16.655	0
16.66	54
16.665	0
16.67	0
16.675	0
16.68	54
16.685	0
16.69	0
16.695	0
16.7	54
16.705	0
16.71	0
16.715	0
16.72	54
16.725	0
16.73	0
16.735	0
16.74	54
16.745	0
16.75	0
16.755	0
16.76	54
16.765	0
16.77	0
16.775	0
16.78	54
16.785	0
16.79	0
16.795	0
16.8	54
16.805	0
16.81	0
16.815	0
16.82	54
16.825	0
16.83	0
16.835	0
16.84	54
16.845	0
16.85	0
16.855	0
16.86	54
16.865	0
16.87	0
16.875	0
16.88	54
16.885	0
16.89	0
16.895	0
16.9	54
16.905	0
16.91	0
16.915	0
16.92	54
16.925	0
16.93	0
16.935	0
16.94	54
16.945	0
16.95	0
16.955	0
16.96	54
16.965	0
16.97	0
16.975	0
16.98	54
16.985	0
16.99	0
16.995	0
17	54
17.005	0
17.01	0
17.015	0
17.02	54
17.025	0
17.03	0
17.035	0
17.04	54
17.045	0
17.05	0
17.055	0
17.06	54
17.065	0
17.07	0
17.075	0
17.08	54
17.085	0
17.09	0
17.095	0
17.1	54
17.105	0
17.11	0
17.115	0
17.12	54
17.125	0
17.13	0
17.135	0
17.14	54
17.145	0
17.15	0
17.155	0
17.16	54
17.165	0
17.17	0
17.175	0
17.18	54
17.185	0
17.19	0
17.195	0
17.2	54
17.205	0
17.21	0
17.215	0
17.22	54
17.225	0
17.23	0
17.235	0
17.24	54
17.245	0
17.25	0
17.255	0
17.26	54
17.265	0
17.27	0
17.275	0
17.28	54
17.285	0
17.29	0
17.295	0
17.3	54
17.305	0
17.31	0
17.315	0
17.32	54
17.325	0
17.33	0
17.335	0
17.34	54
17.345	0
17.35	0
17.355	0
17.36	54
17.365	0
17.37	0
17.375	0
17.38	54
17.385	0
17.39	0
17.395	0
17.4	54
17.405	0
17.41	0
17.415	0
17.42	54
17.425	0
17.43	0
17.435	0
17.44	54
17.445	0
17.45	0
17.455	0
17.46	54
17.465	0
17.47	0
17.475	0
17.48	54
17.485	0
17.49	0
17.495	0
17.5	54
17.505	0
17.51	0
17.515	0
17.52	54
17.525	0
17.53	0
17.535	0
17.54	54
17.545	0
17.55	0
17.555	0
17.56	54
17.565	0
17.57	0
17.575	0
17.58	54
17.585	0
17.59	0
17.595	0
17.6	54
17.605	0
17.61	0
17.615	0
17.62	54
17.625	0
17.63	0
17.635	0
17.64	54
17.645	0
17.65	0
17.655	0
17.66	54
17.665	0
17.67	0
17.675	0
17.68	54
17.685	0
17.69	0
17.695	0
17.7	54
17.705	0
17.71	0
17.715	0
17.72	54
17.725	0
17.73	0
17.735	0
17.74	54
17.745	0
17.75	0
17.755	0
17.76	54
17.765	0
17.77	0
17.775	0
17.78	54
17.785	0
17.79	0
17.795	0
17.8	54
17.805	0
17.81	0
17.815	0
17.82	54
17.825	0
17.83	0
17.835	0
17.84	54
17.845	0
17.85	0
17.855	0
17.86	54
17.865	0
17.87	0
17.875	0
17.88	54
17.885	0
17.89	0
17.895	0
17.9	54
17.905	0
17.91	0
17.915	0
17.92	54
17.925	0
17.93	0
17.935	0
17.94	54
17.945	0
17.95	0
17.955	0
17.96	54
17.965	0
17.97	0
17.975	0
17.98	54
17.985	0
17.99	0
17.995	0
18	54
18.005	0
18.01	0
18.015	0
18.02	54
18.025	0
18.03	0
18.035	0
18.04	54
18.045	0
18.05	0
18.055	0
18.06	54
18.065	0
18.07	0
18.075	0
18.08	54
18.085	0
18.09	0
18.095	0
18.1	54
18.105	0
18.11	0
18.115	0
18.12	54
18.125	0
18.13	0
18.135	0
18.14	54
18.145	0
18.15	0
18.155	0
18.16	54
18.165	0
18.17	0
18.175	0
18.18	54
18.185	0
18.19	0
18.195	0
18.2	54
18.205	0
18.21	0
18.215	0
18.22	54
18.225	0
18.23	0
18.235	0
18.24	54
18.245	0
18.25	0
18.255	0
18.26	54
18.265	0
18.27	0
18.275	0
18.28	54
18.285	0
18.29	0
18.295	0
18.3	54
18.305	0
18.31	0
18.315	0
18.32	54
18.325	0
18.33	0
18.335	0
18.34	54
18.345	0
18.35	0
18.355	0
18.36	54
18.365	0
18.37	0
18.375	0
18.38	54
18.385	0
18.39	0
18.395	0
18.4	54
18.405	0
18.41	0
18.415	0
18.42	54
18.425	0
18.43	0
18.435	0
18.44	54
18.445	0
18.45	0
18.455	0
18.46	54
18.465	0
18.47	0
18.475	0
18.48	54
18.485	0
18.49	0
18.495	0
18.5	54
18.505	0
18.51	0
18.515	0
18.52	54
18.525	0
18.53	0
18.535	0
18.54	54
18.545	0
18.55	0
18.555	0
18.56	54
18.565	0
18.57	0
18.575	0
18.58	54
18.585	0
18.59	0
18.595	0
18.6	54
18.605	0
18.61	0
18.615	0
18.62	54
18.625	0
18.63	0
18.635	0
18.64	54
18.645	0
18.65	0
18.655	0
18.66	54
18.665	0
18.67	0
18.675	0
18.68	54
18.685	0
18.69	0
18.695	0
18.7	54
18.705	0
18.71	0
18.715	0
18.72	54
18.725	0
18.73	0
18.735	0
18.74	54
18.745	0
18.75	0
18.755	0
18.76	54
18.765	0
18.77	0
18.775	0
18.78	54
18.785	0
18.79	0
18.795	0
18.8	54
18.805	0
18.81	0
18.815	0
18.82	54
18.825	0
18.83	0
18.835	0
18.84	54
18.845	0
18.85	0
18.855	0
18.86	54
18.865	0
18.87	0
18.875	0
18.88	54
18.885	0
18.89	0
18.895	0
18.9	54
18.905	0
18.91	0
18.915	0
18.92	54
18.925	0
18.93	0
18.935	0
18.94	54
18.945	0
18.95	0
18.955	0
18.96	54
18.965	0
18.97	0
18.975	0
18.98	54
18.985	0
18.99	0
18.995	0
19	54
19.005	0
19.01	0
19.015	0
19.02	54
19.025	0
19.03	0
19.035	0
19.04	54
19.045	0
19.05	0
19.055	0
19.06	54
19.065	0
19.07	0
19.075	0
19.08	54
19.085	0
19.09	0
19.095	0
19.1	54
19.105	0
19.11	0
19.115	0
19.12	54
19.125	0
19.13	0
19.135	0
19.14	54
19.145	0
19.15	0
19.155	0
19.16	54
19.165	0
19.17	0
19.175	0
19.18	54
19.185	0
19.19	0
19.195	0
19.2	54
19.205	0
19.21	0
19.215	0
19.22	54
19.225	0
19.23	0
19.235	0
19.24	54
19.245	0
19.25	0
19.255	0
19.26	54
19.265	0
19.27	0
19.275	0
19.28	54
19.285	0
19.29	0
19.295	0
19.3	54
19.305	0
19.31	0
19.315	0
19.32	54
19.325	0
19.33	0
19.335	0
19.34	54
19.345	0
19.35	0
19.355	0
19.36	54
19.365	0
19.37	0
19.375	0
19.38	54
19.385	0
19.39	0
19.395	0
19.4	54
19.405	0
19.41	0
19.415	0
19.42	54
19.425	0
19.43	0
19.435	0
19.44	54
19.445	0
19.45	0
19.455	0
19.46	54
19.465	0
19.47	0
19.475	0
19.48	54
19.485	0
19.49	0
19.495	0
19.5	54
19.505	0
19.51	0
19.515	0
19.52	54
19.525	0
19.53	0
19.535	0
19.54	54
19.545	0
19.55	0
19.555	0
19.56	54
19.565	0
19.57	0
19.575	0
19.58	54
19.585	0
19.59	0
19.595	0
19.6	54
19.605	0
19.61	0
19.615	0
19.62	54
19.625	0
19.63	0
19.635	0
19.64	54
19.645	0
19.65	0
19.655	0
19.66	54
19.665	0
19.67	0
19.675	0
19.68	54
19.685	0
19.69	0
19.695	0
19.7	54
19.705	0
19.71	0
19.715	0
19.72	54
19.725	0
19.73	0
19.735	0
19.74	54
19.745	0
19.75	0
19.755	0
19.76	54
19.765	0
19.77	0
19.775	0
19.78	54
19.785	0
19.79	0
19.795	0
19.8	54
19.805	0
19.81	0
19.815	0
19.82	54
19.825	0
19.83	0
19.835	0
19.84	54
19.845	0
19.85	0
19.855	0
19.86	54
19.865	0
19.87	0
19.875	0
19.88	54
19.885	0
19.89	0
19.895	0
19.9	54
19.905	0
19.91	0
19.915	0
19.92	54
19.925	0
19.93	0
19.935	0
19.94	54
19.945	0
19.95	0
19.955	0
19.96	54
19.965	0
19.97	0
19.975	0
19.98	54
19.985	0
19.99	0
19.995	0
20	54
20.005	0
20.01	0
20.015	0
20.02	54
20.025	0
20.03	0
20.035	0
20.04	54
20.045	0
20.05	0
20.055	0
20.06	54
20.065	0
20.07	0
20.075	0
20.08	54
20.085	0
20.09	0
20.095	0
20.1	54
20.105	0
20.11	0
20.115	0
20.12	54
20.125	0
20.13	0
20.135	0
20.14	54
20.145	0
20.15	0
20.155	0
20.16	54
20.165	0
20.17	0
20.175	0
20.18	54
20.185	0
20.19	0
20.195	0
20.2	54
20.205	0
20.21	0
20.215	0
20.22	54
20.225	0
20.23	0
20.235	0
20.24	54
20.245	0
20.25	0
20.255	0
20.26	54
20.265	0
20.27	0
20.275	0
20.28	54
20.285	0
20.29	0
20.295	0
20.3	54
20.305	0
20.31	0
20.315	0
20.32	54
20.325	0
20.33	0
20.335	0
20.34	54
20.345	0
20.35	0
20.355	0
20.36	54
20.365	0
20.37	0
20.375	0
20.38	54
20.385	0
20.39	0
20.395	0
20.4	54
20.405	0
20.41	0
20.415	0
20.42	54
20.425	0
20.43	0
20.435	0
20.44	54
20.445	0
20.45	0
20.455	0
20.46	54
20.465	0
20.47	0
20.475	0
20.48	54
20.485	0
20.49	0
20.495	0
20.5	54
20.505	0
20.51	0
20.515	0
20.52	54
20.525	0
20.53	0
20.535	0
20.54	54
20.545	0
20.55	0
20.555	0
20.56	54
20.565	0
20.57	0
20.575	0
20.58	54
20.585	0
20.59	0
20.595	0
20.6	54
20.605	0
20.61	0
20.615	0
20.62	54
20.625	0
20.63	0
20.635	0
20.64	54
20.645	0
20.65	0
20.655	0
20.66	54
20.665	0
20.67	0
20.675	0
20.68	54
20.685	0
20.69	0
20.695	0
20.7	54
20.705	0
20.71	0
20.715	0
20.72	54
20.725	0
20.73	0
20.735	0
20.74	54
20.745	0
20.75	0
20.755	0
20.76	54
20.765	0
20.77	0
20.775	0
20.78	54
20.785	0
20.79	0
20.795	0
20.8	54
20.805	0
20.81	0
20.815	0
20.82	54
20.825	0
20.83	0
20.835	0
20.84	54
20.845	0
20.85	0
20.855	0
20.86	54
20.865	0
20.87	0
20.875	0
20.88	54
20.885	0
20.89	0
20.895	0
20.9	54
20.905	0
20.91	0
20.915	0
20.92	54
20.925	0
20.93	0
20.935	0
20.94	54
20.945	0
20.95	0
20.955	0
20.96	54
20.965	0
20.97	0
20.975	0
20.98	54
20.985	0
20.99	0
20.995	0
21	54
21.005	0
21.01	0
21.015	0
21.02	54
21.025	0
21.03	0
21.035	0
21.04	54
21.045	0
21.05	0
21.055	0
21.06	54
21.065	0
21.07	0
21.075	0
21.08	54
21.085	0
21.09	0
21.095	0
21.1	54
21.105	0
21.11	0
21.115	0
21.12	54
21.125	0
21.13	0
21.135	0
21.14	54
21.145	0
21.15	0
21.155	0
21.16	54
21.165	0
21.17	0
21.175	0
21.18	54
21.185	0
21.19	0
21.195	0
21.2	54
21.205	0
21.21	0
21.215	0
21.22	54
21.225	0
21.23	0
21.235	0
21.24	54
21.245	0
21.25	0
21.255	0
21.26	54
21.265	0
21.27	0
21.275	0
21.28	54
21.285	0
21.29	0
21.295	0
21.3	54
21.305	0
21.31	0
21.315	0
21.32	54
21.325	0
21.33	0
21.335	0
21.34	54
21.345	0
21.35	0
21.355	0
21.36	54
21.365	0
21.37	0
21.375	0
21.38	54
21.385	0
21.39	0
21.395	0
21.4	54
21.405	0
21.41	0
21.415	0
21.42	54
21.425	0
21.43	0
21.435	0
21.44	54
21.445	0
21.45	0
21.455	0
21.46	54
21.465	0
21.47	0
21.475	0
21.48	54
21.485	0
21.49	0
21.495	0
21.5	54
21.505	0
21.51	0
21.515	0
21.52	54
21.525	0
21.53	0
21.535	0
21.54	54
21.545	0
21.55	0
21.555	0
21.56	54
21.565	0
21.57	0
21.575	0
21.58	54
21.585	0
21.59	0
21.595	0
21.6	54
21.605	0
21.61	0
21.615	0
21.62	54
21.625	0
21.63	0
21.635	0
21.64	54
21.645	0
21.65	0
21.655	0
21.66	54
21.665	0
21.67	0
21.675	0
21.68	54
21.685	0
21.69	0
21.695	0
21.7	54
21.705	0
21.71	0
21.715	0
21.72	54
21.725	0
21.73	0
21.735	0
21.74	54
21.745	0
21.75	0
21.755	0
21.76	54
21.765	0
21.77	0
21.775	0
21.78	54
21.785	0
21.79	0
21.795	0
21.8	54
21.805	0
21.81	0
21.815	0
21.82	54
21.825	0
21.83	0
21.835	0
21.84	54
21.845	0
21.85	0
21.855	0
21.86	54
21.865	0
21.87	0
21.875	0
21.88	54
21.885	0
21.89	0
21.895	0
21.9	54
21.905	0
21.91	0
21.915	0
21.92	54
21.925	0
21.93	0
21.935	0
21.94	54
21.945	0
21.95	0
21.955	0
21.96	54
21.965	0
21.97	0
21.975	0
21.98	54
21.985	0
21.99	0
21.995	0
22	54
22.005	0
22.01	0
22.015	0
22.02	54
22.025	0
22.03	0
22.035	0
22.04	54
22.045	0
22.05	0
22.055	0
22.06	54
22.065	0
22.07	0
22.075	0
22.08	54
22.085	0
22.09	0
22.095	0
22.1	54
22.105	0
22.11	0
22.115	0
22.12	54
22.125	0
22.13	0
22.135	0
22.14	54
22.145	0
22.15	0
22.155	0
22.16	54
22.165	0
22.17	0
22.175	0
22.18	54
22.185	0
22.19	0
22.195	0
22.2	54
22.205	0
22.21	0
22.215	0
22.22	54
22.225	0
22.23	0
22.235	0
22.24	54
22.245	0
22.25	0
22.255	0
22.26	54
22.265	0
22.27	0
22.275	0
22.28	54
22.285	0
22.29	0
22.295	0
22.3	54
22.305	0
22.31	0
22.315	0
22.32	54
22.325	0
22.33	0
22.335	0
22.34	54
22.345	0
22.35	0
22.355	0
22.36	54
22.365	0
22.37	0
22.375	0
22.38	54
22.385	0
22.39	0
22.395	0
22.4	54
22.405	0
22.41	0
22.415	0
22.42	54
22.425	0
22.43	0
22.435	0
22.44	54
22.445	0
22.45	0
22.455	0
22.46	54
22.465	0
22.47	0
22.475	0
22.48	54
22.485	0
22.49	0
22.495	0
22.5	54
22.505	0
22.51	0
22.515	0
22.52	54
22.525	0
22.53	0
22.535	0
22.54	54
22.545	0
22.55	0
22.555	0
22.56	54
22.565	0
22.57	0
22.575	0
22.58	54
22.585	0
22.59	0
22.595	0
22.6	54
22.605	0
22.61	0
22.615	0
22.62	54
22.625	0
22.63	0
22.635	0
22.64	54
22.645	0
22.65	0
22.655	0
22.66	54
22.665	0
22.67	0
22.675	0
22.68	54
22.685	0
22.69	0
22.695	0
22.7	54
22.705	0
22.71	0
22.715	0
22.72	54
22.725	0
22.73	0
22.735	0
22.74	54
22.745	0
22.75	0
22.755	0
22.76	54
22.765	0
22.77	0
22.775	0
22.78	54
22.785	0
22.79	0
22.795	0
22.8	54
22.805	0
22.81	0
22.815	0
22.82	54
22.825	0
22.83	0
22.835	0
22.84	54
22.845	0
22.85	0
22.855	0
22.86	54
22.865	0
22.87	0
22.875	0
22.88	54
22.885	0
22.89	0
22.895	0
22.9	54
22.905	0
22.91	0
22.915	0
22.92	54
22.925	0
22.93	0
22.935	0
22.94	54
22.945	0
22.95	0
22.955	0
22.96	54
22.965	0
22.97	0
22.975	0
22.98	54
22.985	0
22.99	0
22.995	0
23	54
23.005	0
23.01	0
23.015	0
23.02	54
23.025	0
23.03	0
23.035	0
23.04	54
23.045	0
23.05	0
23.055	0
23.06	54
23.065	0
23.07	0
23.075	0
23.08	54
23.085	0
23.09	0
23.095	0
23.1	54
23.105	0
23.11	0
23.115	0
23.12	54
23.125	0
23.13	0
23.135	0
23.14	54
23.145	0
23.15	0
23.155	0
23.16	54
23.165	0
23.17	0
23.175	0
23.18	54
23.185	0
23.19	0
23.195	0
23.2	54
23.205	0
23.21	0
23.215	0
23.22	54
23.225	0
23.23	0
23.235	0
23.24	54
23.245	0
23.25	0
23.255	0
23.26	54
23.265	0
23.27	0
23.275	0
23.28	54
23.285	0
23.29	0
23.295	0
23.3	54
23.305	0
23.31	0
23.315	0
23.32	54
23.325	0
23.33	0
23.335	0
23.34	54
23.345	0
23.35	0
23.355	0
23.36	54
23.365	0
23.37	0
23.375	0
23.38	54
23.385	0
23.39	0
23.395	0
23.4	54
23.405	0
23.41	0
23.415	0
23.42	54
23.425	0
23.43	0
23.435	0
23.44	54
23.445	0
23.45	0
23.455	0
23.46	54
23.465	0
23.47	0
23.475	0
23.48	54
23.485	0
23.49	0
23.495	0
23.5	54
23.505	0
23.51	0
23.515	0
23.52	54
23.525	0
23.53	0
23.535	0
23.54	54
23.545	0
23.55	0
23.555	0
23.56	54
23.565	0
23.57	0
23.575	0
23.58	54
23.585	0
23.59	0
23.595	0
23.6	54
23.605	0
23.61	0
23.615	0
23.62	54
23.625	0
23.63	0
23.635	0
23.64	54
23.645	0
23.65	0
23.655	0
23.66	54
23.665	0
23.67	0
23.675	0
23.68	54
23.685	0
23.69	0
23.695	0
23.7	54
23.705	0
23.71	0
23.715	0
23.72	54
23.725	0
23.73	0
23.735	0
23.74	54
23.745	0
23.75	0
23.755	0
23.76	54
23.765	0
23.77	0
23.775	0
23.78	54
23.785	0
23.79	0
23.795	0
23.8	54
23.805	0
23.81	0
23.815	0
23.82	54
23.825	0
23.83	0
23.835	0
23.84	54
23.845	0
23.85	0
23.855	0
23.86	54
23.865	0
23.87	0
23.875	0
23.88	54
23.885	0
23.89	0
23.895	0
23.9	54
23.905	0
23.91	0
23.915	0
23.92	54
23.925	0
23.93	0
23.935	0
23.94	54
23.945	0
23.95	0
23.955	0
23.96	54
23.965	0
23.97	0
23.975	0
23.98	54
23.985	0
23.99	0
23.995	0
24	54
24.005	0
24.01	0
24.015	0
24.02	54
24.025	0
24.03	0
24.035	0
24.04	54
24.045	0
24.05	0
24.055	0
24.06	54
24.065	0
24.07	0
24.075	0
24.08	54
24.085	0
24.09	0
24.095	0
24.1	54
24.105	0
24.11	0
24.115	0
24.12	54
24.125	0
24.13	0
24.135	0
24.14	54
24.145	0
24.15	0
24.155	0
24.16	54
24.165	0
24.17	0
24.175	0
24.18	54
24.185	0
24.19	0
24.195	0
24.2	54
24.205	0
24.21	0
24.215	0
24.22	54
24.225	0
24.23	0
24.235	0
24.24	54
24.245	0
24.25	0
24.255	0
24.26	54
24.265	0
24.27	0
24.275	0
24.28	54
24.285	0
24.29	0
24.295	0
24.3	54
24.305	0
24.31	0
24.315	0
24.32	54
24.325	0
24.33	0
24.335	0
24.34	54
24.345	0
24.35	0
24.355	0
24.36	54
24.365	0
24.37	0
24.375	0
24.38	54
24.385	0
24.39	0
24.395	0
24.4	54
24.405	0
24.41	0
24.415	0
24.42	54
24.425	0
24.43	0
24.435	0
24.44	54
24.445	0
24.45	0
24.455	0
24.46	54
24.465	0
24.47	0
24.475	0
24.48	54
24.485	0
24.49	0
24.495	0
24.5	54
24.505	0
24.51	0
24.515	0
24.52	54
24.525	0
24.53	0
24.535	0
24.54	54
24.545	0
24.55	0
24.555	0
24.56	54
24.565	0
24.57	0
24.575	0
24.58	54
24.585	0
24.59	0
24.595	0
24.6	54
24.605	0
24.61	0
24.615	0
24.62	54
24.625	0
24.63	0
24.635	0
24.64	54
24.645	0
24.65	0
24.655	0
24.66	54
24.665	0
24.67	0
24.675	0
24.68	54
24.685	0
24.69	0
24.695	0
24.7	54
24.705	0
24.71	0
24.715	0
24.72	54
24.725	0
24.73	0
24.735	0
24.74	54
24.745	0
24.75	0
24.755	0
24.76	54
24.765	0
24.77	0
24.775	0
24.78	54
24.785	0
24.79	0
24.795	0
24.8	54
24.805	0
24.81	0
24.815	0
24.82	54
24.825	0
24.83	0
24.835	0
24.84	54
24.845	0
24.85	0
24.855	0
24.86	54
24.865	0
24.87	0
24.875	0
24.88	54
24.885	0
24.89	0
24.895	0
24.9	54
24.905	0
24.91	0
24.915	0
24.92	54
24.925	0
24.93	0
24.935	0
24.94	54
24.945	0
24.95	0
24.955	0
24.96	54
24.965	0
24.97	0
24.975	0
24.98	54
24.985	0
24.99	0
24.995	0
25	54
25.005	0
25.01	0
25.015	0
25.02	54
25.025	0
25.03	0
25.035	0
25.04	54
25.045	0
25.05	0
25.055	0
25.06	54
25.065	0
25.07	0
25.075	0
25.08	54
25.085	0
25.09	0
25.095	0
25.1	54
25.105	0
25.11	0
25.115	0
25.12	54
25.125	0
25.13	0
25.135	0
25.14	54
25.145	0
25.15	0
25.155	0
25.16	54
25.165	0
25.17	0
25.175	0
25.18	54
25.185	0
25.19	0
25.195	0
25.2	54
25.205	0
25.21	0
25.215	0
25.22	54
25.225	0
25.23	0
25.235	0
25.24	54
25.245	0
25.25	0
25.255	0
25.26	54
25.265	0
25.27	0
25.275	0
25.28	54
25.285	0
25.29	0
25.295	0
25.3	54
25.305	0
25.31	0
25.315	0
25.32	54
25.325	0
25.33	0
25.335	0
25.34	54
25.345	0
25.35	0
25.355	0
25.36	54
25.365	0
25.37	0
25.375	0
25.38	54
25.385	0
25.39	0
25.395	0
25.4	54
25.405	0
25.41	0
25.415	0
25.42	54
25.425	0
25.43	0
25.435	0
25.44	54
25.445	0
25.45	0
25.455	0
25.46	54
25.465	0
25.47	0
25.475	0
25.48	54
25.485	0
25.49	0
25.495	0
25.5	54
25.505	0
25.51	0
25.515	0
25.52	54
25.525	0
25.53	0
25.535	0
25.54	54
25.545	0
25.55	0
25.555	0
25.56	54
25.565	0
25.57	0
25.575	0
25.58	54
25.585	0
25.59	0
25.595	0
25.6	54
25.605	0
25.61	0
25.615	0
25.62	54
25.625	0
25.63	0
25.635	0
25.64	54
25.645	0
25.65	0
25.655	0
25.66	54
25.665	0
25.67	0
25.675	0
25.68	54
25.685	0
25.69	0
25.695	0
25.7	54
25.705	0
25.71	0
25.715	0
25.72	54
25.725	0
25.73	0
25.735	0
25.74	54
25.745	0
25.75	0
25.755	0
25.76	54
25.765	0
25.77	0
25.775	0
25.78	54
25.785	0
25.79	0
25.795	0
25.8	54
25.805	0
25.81	0
25.815	0
25.82	54
25.825	0
25.83	0
25.835	0
25.84	54
25.845	0
25.85	0
25.855	0
25.86	54
25.865	0
25.87	0
25.875	0
25.88	54
25.885	0
25.89	0
25.895	0
25.9	54
25.905	0
25.91	0
25.915	0
25.92	54
25.925	0
25.93	0
25.935	0
25.94	54
25.945	0
25.95	0
25.955	0
25.96	54
25.965	0
25.97	0
25.975	0
25.98	54
25.985	0
25.99	0
25.995	0
26	54
26.005	0
26.01	0
26.015	0
26.02	54
26.025	0
26.03	0
26.035	0
26.04	54
26.045	0
26.05	0
26.055	0
26.06	54
26.065	0
26.07	0
26.075	0
26.08	54
26.085	0
26.09	0
26.095	0
26.1	54
26.105	0
26.11	0
26.115	0
26.12	54
26.125	0
26.13	0
26.135	0
26.14	54
26.145	0
26.15	0
26.155	0
26.16	54
26.165	0
26.17	0
26.175	0
26.18	54
26.185	0
26.19	0
26.195	0
26.2	54
26.205	0
26.21	0
26.215	0
26.22	54
26.225	0
26.23	0
26.235	0
26.24	54
26.245	0
26.25	0
26.255	0
26.26	54
26.265	0
26.27	0
26.275	0
26.28	54
26.285	0
26.29	0
26.295	0
26.3	54
26.305	0
26.31	0
26.315	0
26.32	54
26.325	0
26.33	0
26.335	0
26.34	54
26.345	0
26.35	0
26.355	0
26.36	54
26.365	0
26.37	0
26.375	0
26.38	54
26.385	0
26.39	0
26.395	0
26.4	54
26.405	0
26.41	0
26.415	0
26.42	54
26.425	0
26.43	0
26.435	0
26.44	54
26.445	0
26.45	0
26.455	0
26.46	54
26.465	0
26.47	0
26.475	0
26.48	54
26.485	0
26.49	0
26.495	0
26.5	54
26.505	0
26.51	0
26.515	0
26.52	54
26.525	0
26.53	0
26.535	0
26.54	54
26.545	0
26.55	0
26.555	0
26.56	54
26.565	0
26.57	0
26.575	0
26.58	54
26.585	0
26.59	0
26.595	0
26.6	54
26.605	0
26.61	0
26.615	0
26.62	54
26.625	0
26.63	0
26.635	0
26.64	54
26.645	0
26.65	0
26.655	0
26.66	54
26.665	0
26.67	0
26.675	0
26.68	54
26.685	0
26.69	0
26.695	0
26.7	54
26.705	0
26.71	0
26.715	0
26.72	54
26.725	0
26.73	0
26.735	0
26.74	54
26.745	0
26.75	0
26.755	0
26.76	54
26.765	0
26.77	0
26.775	0
26.78	54
26.785	0
26.79	0
26.795	0
26.8	54
26.805	0
26.81	0
26.815	0
26.82	54
26.825	0
26.83	0
26.835	0
26.84	54
26.845	0
26.85	0
26.855	0
26.86	54
26.865	0
26.87	0
26.875	0
26.88	54
26.885	0
26.89	0
26.895	0
26.9	54
26.905	0
26.91	0
26.915	0
26.92	54
26.925	0
26.93	0
26.935	0
26.94	54
26.945	0
26.95	0
26.955	0
26.96	54
26.965	0
26.97	0
26.975	0
26.98	54
26.985	0
26.99	0
26.995	0
27	54
27.005	0
27.01	0
27.015	0
27.02	54
27.025	0
27.03	0
27.035	0
27.04	54
27.045	0
27.05	0
27.055	0
27.06	54
27.065	0
27.07	0
27.075	0
27.08	54
27.085	0
27.09	0
27.095	0
27.1	54
27.105	0
27.11	0
27.115	0
27.12	54
27.125	0
27.13	0
27.135	0
27.14	54
27.145	0
27.15	0
27.155	0
27.16	54
27.165	0
27.17	0
27.175	0
27.18	54
27.185	0
27.19	0
27.195	0
27.2	54
27.205	0
27.21	0
27.215	0
27.22	54
27.225	0
27.23	0
27.235	0
27.24	54
27.245	0
27.25	0
27.255	0
27.26	54
27.265	0
27.27	0
27.275	0
27.28	54
27.285	0
27.29	0
27.295	0
27.3	54
27.305	0
27.31	0
27.315	0
27.32	54
27.325	0
27.33	0
27.335	0
27.34	54
27.345	0
27.35	0
27.355	0
27.36	54
27.365	0
27.37	0
27.375	0
27.38	54
27.385	0
27.39	0
27.395	0
27.4	54
27.405	0
27.41	0
27.415	0
27.42	54
27.425	0
27.43	0
27.435	0
27.44	54
27.445	0
27.45	0
27.455	0
27.46	54
27.465	0
27.47	0
27.475	0
27.48	54
27.485	0
27.49	0
27.495	0
27.5	54
27.505	0
27.51	0
27.515	0
27.52	54
27.525	0
27.53	0
27.535	0
27.54	54
27.545	0
27.55	0
27.555	0
27.56	54
27.565	0
27.57	0
27.575	0
27.58	54
27.585	0
27.59	0
27.595	0
27.6	54
27.605	0
27.61	0
27.615	0
27.62	54
27.625	0
27.63	0
27.635	0
27.64	54
27.645	0
27.65	0
27.655	0
27.66	54
27.665	0
27.67	0
27.675	0
27.68	54
27.685	0
27.69	0
27.695	0
27.7	54
27.705	0
27.71	0
27.715	0
27.72	54
27.725	0
27.73	0
27.735	0
27.74	54
27.745	0
27.75	0
27.755	0
27.76	54
27.765	0
27.77	0
27.775	0
27.78	54
27.785	0
27.79	0
27.795	0
27.8	54
27.805	0
27.81	0
27.815	0
27.82	54
27.825	0
27.83	0
27.835	0
27.84	54
27.845	0
27.85	0
27.855	0
27.86	54
27.865	0
27.87	0
27.875	0
27.88	54
27.885	0
27.89	0
27.895	0
27.9	54
27.905	0
27.91	0
27.915	0
27.92	54
27.925	0
27.93	0
27.935	0
27.94	54
27.945	0
27.95	0
27.955	0
27.96	54
27.965	0
27.97	0
27.975	0
27.98	54
27.985	0
27.99	0
27.995	0
28	54
28.005	0
28.01	0
28.015	0
28.02	54
28.025	0
28.03	0
28.035	0
28.04	54
28.045	0
28.05	0
28.055	0
28.06	54
28.065	0
28.07	0
28.075	0
28.08	54
28.085	0
28.09	0
28.095	0
28.1	54
28.105	0
28.11	0
28.115	0
28.12	54
28.125	0
28.13	0
28.135	0
28.14	54
28.145	0
28.15	0
28.155	0
28.16	54
28.165	0
28.17	0
28.175	0
28.18	54
28.185	0
28.19	0
28.195	0
28.2	54
28.205	0
28.21	0
28.215	0
28.22	54
28.225	0
28.23	0
28.235	0
28.24	54
28.245	0
28.25	0
28.255	0
28.26	54
28.265	0
28.27	0
28.275	0
28.28	54
28.285	0
28.29	0
28.295	0
28.3	54
28.305	0
28.31	0
28.315	0
28.32	54
28.325	0
28.33	0
28.335	0
28.34	54
28.345	0
28.35	0
28.355	0
28.36	54
28.365	0
28.37	0
28.375	0
28.38	54
28.385	0
28.39	0
28.395	0
28.4	54
28.405	0
28.41	0
28.415	0
28.42	54
28.425	0
28.43	0
28.435	0
28.44	54
28.445	0
28.45	0
28.455	0
28.46	54
28.465	0
28.47	0
28.475	0
28.48	54
28.485	0
28.49	0
28.495	0
28.5	54
28.505	0
28.51	0
28.515	0
28.52	54
28.525	0
28.53	0
28.535	0
28.54	54
28.545	0
28.55	0
28.555	0
28.56	54
28.565	0
28.57	0
28.575	0
28.58	54
28.585	0
28.59	0
28.595	0
28.6	54
28.605	0
28.61	0
28.615	0
28.62	54
28.625	0
28.63	0
28.635	0
28.64	54
28.645	0
28.65	0
28.655	0
28.66	54
28.665	0
28.67	0
28.675	0
28.68	54
28.685	0
28.69	0
28.695	0
28.7	54
28.705	0
28.71	0
28.715	0
28.72	54
28.725	0
28.73	0
28.735	0
28.74	54
28.745	0
28.75	0
28.755	0
28.76	54
28.765	0
28.77	0
28.775	0
28.78	54
28.785	0
28.79	0
28.795	0
28.8	54
28.805	0
28.81	0
28.815	0
28.82	54
28.825	0
28.83	0
28.835	0
28.84	54
28.845	0
28.85	0
28.855	0
28.86	54
28.865	0
28.87	0
28.875	0
28.88	54
28.885	0
28.89	0
28.895	0
28.9	54
28.905	0
28.91	0
28.915	0
28.92	54
28.925	0
28.93	0
28.935	0
28.94	54
28.945	0
28.95	0
28.955	0
28.96	54
28.965	0
28.97	0
28.975	0
28.98	54
28.985	0
28.99	0
28.995	0
29	54
29.005	0
29.01	0
29.015	0
29.02	54
29.025	0
29.03	0
29.035	0
29.04	54
29.045	0
29.05	0
29.055	0
29.06	54
29.065	0
29.07	0
29.075	0
29.08	54
29.085	0
29.09	0
29.095	0
29.1	54
29.105	0
29.11	0
29.115	0
29.12	54
29.125	0
29.13	0
29.135	0
29.14	54
29.145	0
29.15	0
29.155	0
29.16	54
29.165	0
29.17	0
29.175	0
29.18	54
29.185	0
29.19	0
29.195	0
29.2	54
29.205	0
29.21	0
29.215	0
29.22	54
29.225	0
29.23	0
29.235	0
29.24	54
29.245	0
29.25	0
29.255	0
29.26	54
29.265	0
29.27	0
29.275	0
29.28	54
29.285	0
29.29	0
29.295	0
29.3	54
29.305	0
29.31	0
29.315	0
29.32	54
29.325	0
29.33	0
29.335	0
29.34	54
29.345	0
29.35	0
29.355	0
29.36	54
29.365	0
29.37	0
29.375	0
29.38	54
29.385	0
29.39	0
29.395	0
29.4	54
29.405	0
29.41	0
29.415	0
29.42	54
29.425	0
29.43	0
29.435	0
29.44	54
29.445	0
29.45	0
29.455	0
29.46	54
29.465	0
29.47	0
29.475	0
29.48	54
29.485	0
29.49	0
29.495	0
29.5	54
29.505	0
29.51	0
29.515	0
29.52	54
29.525	0
29.53	0
29.535	0
29.54	54
29.545	0
29.55	0
29.555	0
29.56	54
29.565	0
29.57	0
29.575	0
29.58	54
29.585	0
29.59	0
29.595	0
29.6	54
29.605	0
29.61	0
29.615	0
29.62	54
29.625	0
29.63	0
29.635	0
29.64	54
29.645	0
29.65	0
29.655	0
29.66	54
29.665	0
29.67	0
29.675	0
29.68	54
29.685	0
29.69	0
29.695	0
29.7	54
29.705	0
29.71	0
29.715	0
29.72	54
29.725	0
29.73	0
29.735	0
29.74	54
29.745	0
29.75	0
29.755	0
29.76	54
29.765	0
29.77	0
29.775	0
29.78	54
29.785	0
29.79	0
29.795	0
29.8	54
29.805	0
29.81	0
29.815	0
29.82	54
29.825	0
29.83	0
29.835	0
29.84	54
29.845	0
29.85	0
29.855	0
29.86	54
29.865	0
29.87	0
29.875	0
29.88	54
29.885	0
29.89	0
29.895	0
29.9	54
29.905	0
29.91	0
29.915	0
29.92	54
29.925	0
29.93	0
29.935	0
29.94	54
29.945	0
29.95	0
29.955	0
29.96	54
29.965	0
29.97	0
29.975	0
29.98	54
29.985	0
29.99	0
29.995	0
30	54
30.005	0
30.01	0
30.015	0
30.02	54
30.025	0
30.03	0
30.035	0
30.04	54
30.045	0
30.05	0
30.055	0
30.06	54
30.065	0
30.07	0
30.075	0
30.08	54
30.085	0
30.09	0
30.095	0
30.1	54
30.105	0
30.11	0
30.115	0
30.12	54
30.125	0
30.13	0
30.135	0
30.14	54
30.145	0
30.15	0
30.155	0
30.16	54
30.165	0
30.17	0
30.175	0
30.18	54
30.185	0
30.19	0
30.195	0
30.2	54
30.205	0
30.21	0
30.215	0
30.22	54
30.225	0
30.23	0
30.235	0
30.24	54
30.245	0
30.25	0
30.255	0
30.26	54
30.265	0
30.27	0
30.275	0
30.28	54
30.285	0
30.29	0
30.295	0
30.3	54
30.305	0
30.31	0
30.315	0
30.32	54
30.325	0
30.33	0
30.335	0
30.34	54
30.345	0
30.35	0
30.355	0
30.36	54
30.365	0
30.37	0
30.375	0
30.38	54
30.385	0
30.39	0
30.395	0
30.4	54
30.405	0
30.41	0
30.415	0
30.42	54
30.425	0
30.43	0
30.435	0
30.44	54
30.445	0
30.45	0
30.455	0
30.46	54
30.465	0
30.47	0
30.475	0
30.48	54
30.485	0
30.49	0
30.495	0
30.5	54
30.505	0
30.51	0
30.515	0
30.52	54
30.525	0
30.53	0
30.535	0
30.54	54
30.545	0
30.55	0
30.555	0
30.56	54
30.565	0
30.57	0
30.575	0
30.58	54
30.585	0
30.59	0
30.595	0
30.6	54
30.605	0
30.61	0
30.615	0
30.62	54
30.625	0
30.63	0
30.635	0
30.64	54
30.645	0
30.65	0
30.655	0
30.66	54
30.665	0
30.67	0
30.675	0
30.68	54
30.685	0
30.69	0
30.695	0
30.7	54
30.705	0
30.71	0
30.715	0
30.72	54
30.725	0
30.73	0
30.735	0
30.74	54
30.745	0
30.75	0
30.755	0
30.76	54
30.765	0
30.77	0
30.775	0
30.78	54
30.785	0
30.79	0
30.795	0
30.8	54
30.805	0
30.81	0
30.815	0
30.82	54
30.825	0
30.83	0
30.835	0
30.84	54
30.845	0
30.85	0
30.855	0
30.86	54
30.865	0
30.87	0
30.875	0
30.88	54
30.885	0
30.89	0
30.895	0
30.9	54
30.905	0
30.91	0
30.915	0
30.92	54
30.925	0
30.93	0
30.935	0
30.94	54
30.945	0
30.95	0
30.955	0
30.96	54
30.965	0
30.97	0
30.975	0
30.98	54
30.985	0
30.99	0
30.995	0
31	54
31.005	0
31.01	0
31.015	0
31.02	54
31.025	0
31.03	0
31.035	0
31.04	54
31.045	0
31.05	0
31.055	0
31.06	54
31.065	0
31.07	0
31.075	0
31.08	54
31.085	0
31.09	0
31.095	0
31.1	54
31.105	0
31.11	0
31.115	0
31.12	54
31.125	0
31.13	0
31.135	0
31.14	54
31.145	0
31.15	0
31.155	0
31.16	54
31.165	0
31.17	0
31.175	0
31.18	54
31.185	0
31.19	0
31.195	0
31.2	54
31.205	0
31.21	0
31.215	0
31.22	54
31.225	0
31.23	0
31.235	0
31.24	54
31.245	0
31.25	0
31.255	0
31.26	54
31.265	0
31.27	0
31.275	0
31.28	54
31.285	0
31.29	0
31.295	0
31.3	54
31.305	0
31.31	0
31.315	0
31.32	54
31.325	0
31.33	0
31.335	0
31.34	54
31.345	0
31.35	0
31.355	0
31.36	54
31.365	0
31.37	0
31.375	0
31.38	54
31.385	0
31.39	0
31.395	0
31.4	54
31.405	0
31.41	0
31.415	0
31.42	54
31.425	0
31.43	0
31.435	0
31.44	54
31.445	0
31.45	0
31.455	0
31.46	54
31.465	0
31.47	0
31.475	0
31.48	54
31.485	0
31.49	0
31.495	0
31.5	54
31.505	0
31.51	0
31.515	0
31.52	54
31.525	0
31.53	0
31.535	0
31.54	54
31.545	0
31.55	0
31.555	0
31.56	54
31.565	0
31.57	0
31.575	0
31.58	54
31.585	0
31.59	0
31.595	0
31.6	54
31.605	0
31.61	0
31.615	0
31.62	54
31.625	0
31.63	0
31.635	0
31.64	54
31.645	0
31.65	0
31.655	0
31.66	54
31.665	0
31.67	0
31.675	0
31.68	54
31.685	0
31.69	0
31.695	0
31.7	54
31.705	0
31.71	0
31.715	0
31.72	54
31.725	0
31.73	0
31.735	0
31.74	54
31.745	0
31.75	0
31.755	0
31.76	54
31.765	0
31.77	0
31.775	0
31.78	54
31.785	0
31.79	0
31.795	0
31.8	54
31.805	0
31.81	0
31.815	0
31.82	54
31.825	0
31.83	0
31.835	0
31.84	54
31.845	0
31.85	0
31.855	0
31.86	54
31.865	0
31.87	0
31.875	0
31.88	54
31.885	0
31.89	0
31.895	0
31.9	54
31.905	0
31.91	0
31.915	0
31.92	54
31.925	0
31.93	0
31.935	0
31.94	54
31.945	0
31.95	0
31.955	0
31.96	54
31.965	0
31.97	0
31.975	0
31.98	54
31.985	0
31.99	0
31.995	0
32	54
32.005	0
32.01	0
32.015	0
32.02	54
32.025	0
32.03	0
32.035	0
32.04	54
32.045	0
32.05	0
32.055	0
32.06	54
32.065	0
32.07	0
32.075	0
32.08	54
32.085	0
32.09	0
32.095	0
32.1	54
32.105	0
32.11	0
32.115	0
32.12	54
32.125	0
32.13	0
32.135	0
32.14	54
32.145	0
32.15	0
32.155	0
32.16	54
32.165	0
32.17	0
32.175	0
32.18	54
32.185	0
32.19	0
32.195	0
32.2	54
32.205	0
32.21	0
32.215	0
32.22	54
32.225	0
32.23	0
32.235	0
32.24	54
32.245	0
32.25	0
32.255	0
32.26	54
32.265	0
32.27	0
32.275	0
32.28	54
32.285	0
32.29	0
32.295	0
32.3	54
32.305	0
32.31	0
32.315	0
32.32	54
32.325	0
32.33	0
32.335	0
32.34	54
32.345	0
32.35	0
32.355	0
32.36	54
32.365	0
32.37	0
32.375	0
32.38	54
32.385	0
32.39	0
32.395	0
32.4	54
32.405	0
32.41	0
32.415	0
32.42	54
32.425	0
32.43	0
32.435	0
32.44	54
32.445	0
32.45	0
32.455	0
32.46	54
32.465	0
32.47	0
32.475	0
32.48	54
32.485	0
32.49	0
32.495	0
32.5	54
32.505	0
32.51	0
32.515	0
32.52	54
32.525	0
32.53	0
32.535	0
32.54	54
32.545	0
32.55	0
32.555	0
32.56	54
32.565	0
32.57	0
32.575	0
32.58	54
32.585	0
32.59	0
32.595	0
32.6	54
32.605	0
32.61	0
32.615	0
32.62	54
32.625	0
32.63	0
32.635	0
32.64	54
32.645	0
32.65	0
32.655	0
32.66	54
32.665	0
32.67	0
32.675	0
32.68	54
32.685	0
32.69	0
32.695	0
32.7	54
32.705	0
32.71	0
32.715	0
32.72	54
32.725	0
32.73	0
32.735	0
32.74	54
32.745	0
32.75	0
32.755	0
32.76	54
32.765	0
32.77	0
32.775	0
32.78	54
32.785	0
32.79	0
32.795	0
32.8	54
32.805	0
32.81	0
32.815	0
32.82	54
32.825	0
32.83	0
32.835	0
32.84	54
32.845	0
32.85	0
32.855	0
32.86	54
32.865	0
32.87	0
32.875	0
32.88	54
32.885	0
32.89	0
32.895	0
32.9	54
32.905	0
32.91	0
32.915	0
32.92	54
32.925	0
32.93	0
32.935	0
32.94	54
32.945	0
32.95	0
32.955	0
32.96	54
32.965	0
32.97	0
32.975	0
32.98	54
32.985	0
32.99	0
32.995	0
33	54
33.005	0
33.01	0
33.015	0
33.02	54
33.025	0
33.03	0
33.035	0
33.04	54
33.045	0
33.05	0
33.055	0
33.06	54
33.065	0
33.07	0
33.075	0
33.08	54
33.085	0
33.09	0
33.095	0
33.1	54
33.105	0
33.11	0
33.115	0
33.12	54
33.125	0
33.13	0
33.135	0
33.14	54
33.145	0
33.15	0
33.155	0
33.16	54
33.165	0
33.17	0
33.175	0
33.18	54
33.185	0
33.19	0
33.195	0
33.2	54
33.205	0
33.21	0
33.215	0
33.22	54
33.225	0
33.23	0
33.235	0
33.24	54
33.245	0
33.25	0
33.255	0
33.26	54
33.265	0
33.27	0
33.275	0
33.28	54
33.285	0
33.29	0
33.295	0
33.3	54
33.305	0
33.31	0
33.315	0
33.32	54
33.325	0
33.33	0
33.335	0
33.34	54
33.345	0
33.35	0
33.355	0
33.36	54
33.365	0
33.37	0
33.375	0
33.38	54
33.385	0
33.39	0
33.395	0
33.4	54
33.405	0
33.41	0
33.415	0
33.42	54
33.425	0
33.43	0
33.435	0
33.44	54
33.445	0
33.45	0
33.455	0
33.46	54
33.465	0
33.47	0
33.475	0
33.48	54
33.485	0
33.49	0
33.495	0
33.5	54
33.505	0
33.51	0
33.515	0
33.52	54
33.525	0
33.53	0
33.535	0
33.54	54
33.545	0
33.55	0
33.555	0
33.56	54
33.565	0
33.57	0
33.575	0
33.58	54
33.585	0
33.59	0
33.595	0
33.6	54
33.605	0
33.61	0
33.615	0
33.62	54
33.625	0
33.63	0
33.635	0
33.64	54
33.645	0
33.65	0
33.655	0
33.66	54
33.665	0
33.67	0
33.675	0
33.68	54
33.685	0
33.69	0
33.695	0
33.7	54
33.705	0
33.71	0
33.715	0
33.72	54
33.725	0
33.73	0
33.735	0
33.74	54
33.745	0
33.75	0
33.755	0
33.76	54
33.765	0
33.77	0
33.775	0
33.78	54
33.785	0
33.79	0
33.795	0
33.8	54
33.805	0
33.81	0
33.815	0
33.82	54
33.825	0
33.83	0
33.835	0
33.84	54
33.845	0
33.85	0
33.855	0
33.86	54
33.865	0
33.87	0
33.875	0
33.88	54
33.885	0
33.89	0
33.895	0
33.9	54
33.905	0
33.91	0
33.915	0
33.92	54
33.925	0
33.93	0
33.935	0
33.94	54
33.945	0
33.95	0
33.955	0
33.96	54
33.965	0
33.97	0
33.975	0
33.98	54
33.985	0
33.99	0
33.995	0
34	54
34.005	0
34.01	0
34.015	0
34.02	54
34.025	0
34.03	0
34.035	0
34.04	54
34.045	0
34.05	0
34.055	0
34.06	54
34.065	0
34.07	0
34.075	0
34.08	54
34.085	0
34.09	0
34.095	0
34.1	54
34.105	0
34.11	0
34.115	0
34.12	54
34.125	0
34.13	0
34.135	0
34.14	54
34.145	0
34.15	0
34.155	0
34.16	54
34.165	0
34.17	0
34.175	0
34.18	54
34.185	0
34.19	0
34.195	0
34.2	54
34.205	0
34.21	0
34.215	0
34.22	54
34.225	0
34.23	0
34.235	0
34.24	54
34.245	0
34.25	0
34.255	0
34.26	54
34.265	0
34.27	0
34.275	0
34.28	54
34.285	0
34.29	0
34.295	0
34.3	54
34.305	0
34.31	0
34.315	0
34.32	54
34.325	0
34.33	0
34.335	0
34.34	54
34.345	0
34.35	0
34.355	0
34.36	54
34.365	0
34.37	0
34.375	0
34.38	54
34.385	0
34.39	0
34.395	0
34.4	54
34.405	0
34.41	0
34.415	0
34.42	54
34.425	0
34.43	0
34.435	0
34.44	54
34.445	0
34.45	0
34.455	0
34.46	54
34.465	0
34.47	0
34.475	0
34.48	54
34.485	0
34.49	0
34.495	0
34.5	54
34.505	0
34.51	0
34.515	0
34.52	54
34.525	0
34.53	0
34.535	0
34.54	54
34.545	0
34.55	0
34.555	0
34.56	54
34.565	0
34.57	0
34.575	0
34.58	54
34.585	0
34.59	0
34.595	0
34.6	54
34.605	0
34.61	0
34.615	0
34.62	54
34.625	0
34.63	0
34.635	0
34.64	54
34.645	0
34.65	0
34.655	0
34.66	54
34.665	0
34.67	0
34.675	0
34.68	54
34.685	0
34.69	0
34.695	0
34.7	54
34.705	0
34.71	0
34.715	0
34.72	54
34.725	0
34.73	0
34.735	0
34.74	54
34.745	0
34.75	0
34.755	0
34.76	54
34.765	0
34.77	0
34.775	0
34.78	54
34.785	0
34.79	0
34.795	0
34.8	54
34.805	0
34.81	0
34.815	0
34.82	54
34.825	0
34.83	0
34.835	0
34.84	54
34.845	0
34.85	0
34.855	0
34.86	54
34.865	0
34.87	0
34.875	0
34.88	54
34.885	0
34.89	0
34.895	0
34.9	54
34.905	0
34.91	0
34.915	0
34.92	54
34.925	0
34.93	0
34.935	0
34.94	54
34.945	0
34.95	0
34.955	0
34.96	54
34.965	0
34.97	0
34.975	0
34.98	54
34.985	0
34.99	0
34.995	0
35	54
35.005	0
35.01	0
35.015	0
35.02	54
35.025	0
35.03	0
35.035	0
35.04	54
35.045	0
35.05	0
35.055	0
35.06	54
35.065	0
35.07	0
35.075	0
35.08	54
35.085	0
35.09	0
35.095	0
35.1	54
35.105	0
35.11	0
35.115	0
35.12	54
35.125	0
35.13	0
35.135	0
35.14	54
35.145	0
35.15	0
35.155	0
35.16	54
35.165	0
35.17	0
35.175	0
35.18	54
35.185	0
35.19	0
35.195	0
35.2	54
35.205	0
35.21	0
35.215	0
35.22	54
35.225	0
35.23	0
35.235	0
35.24	54
35.245	0
35.25	0
35.255	0
35.26	54
35.265	0
35.27	0
35.275	0
35.28	54
35.285	0
35.29	0
35.295	0
35.3	54
35.305	0
35.31	0
35.315	0
35.32	54
35.325	0
35.33	0
35.335	0
35.34	54
35.345	0
35.35	0
35.355	0
35.36	54
35.365	0
35.37	0
35.375	0
35.38	54
35.385	0
35.39	0
35.395	0
35.4	54
35.405	0
35.41	0
35.415	0
35.42	54
35.425	0
35.43	0
35.435	0
35.44	54
35.445	0
35.45	0
35.455	0
35.46	54
35.465	0
35.47	0
35.475	0
35.48	54
35.485	0
35.49	0
35.495	0
35.5	54
35.505	0
35.51	0
35.515	0
35.52	54
35.525	0
35.53	0
35.535	0
35.54	54
35.545	0
35.55	0
35.555	0
35.56	54
35.565	0
35.57	0
35.575	0
35.58	54
35.585	0
35.59	0
35.595	0
35.6	54
35.605	0
35.61	0
35.615	0
35.62	54
35.625	0
35.63	0
35.635	0
35.64	54
35.645	0
35.65	0
35.655	0
35.66	54
35.665	0
35.67	0
35.675	0
35.68	54
35.685	0
35.69	0
35.695	0
35.7	54
35.705	0
35.71	0
35.715	0
35.72	54
35.725	0
35.73	0
35.735	0
35.74	54
35.745	0
35.75	0
35.755	0
35.76	54
35.765	0
35.77	0
35.775	0
35.78	54
35.785	0
35.79	0
35.795	0
35.8	54
35.805	0
35.81	0
35.815	0
35.82	54
35.825	0
35.83	0
35.835	0
35.84	54
35.845	0
35.85	0
35.855	0
35.86	54
35.865	0
35.87	0
35.875	0
35.88	54
35.885	0
35.89	0
35.895	0
35.9	54
35.905	0
35.91	0
35.915	0
35.92	54
35.925	0
35.93	0
35.935	0
35.94	54
35.945	0
35.95	0
35.955	0
35.96	54
35.965	0
35.97	0
35.975	0
35.98	54
35.985	0
35.99	0
35.995	0
36	54
36.005	0
36.01	0
36.015	0
36.02	54
36.025	0
36.03	0
36.035	0
36.04	54
36.045	0
36.05	0
36.055	0
36.06	54
36.065	0
36.07	0
36.075	0
36.08	54
36.085	0
36.09	0
36.095	0
36.1	54
36.105	0
36.11	0
36.115	0
36.12	54
36.125	0
36.13	0
36.135	0
36.14	54
36.145	0
36.15	0
36.155	0
36.16	54
36.165	0
36.17	0
36.175	0
36.18	54
36.185	0
36.19	0
36.195	0
36.2	54
36.205	0
36.21	0
36.215	0
36.22	54
36.225	0
36.23	0
36.235	0
36.24	54
36.245	0
36.25	0
36.255	0
36.26	54
36.265	0
36.27	0
36.275	0
36.28	54
36.285	0
36.29	0
36.295	0
36.3	54
36.305	0
36.31	0
36.315	0
36.32	54
36.325	0
36.33	0
36.335	0
36.34	54
36.345	0
36.35	0
36.355	0
36.36	54
36.365	0
36.37	0
36.375	0
36.38	54
36.385	0
36.39	0
36.395	0
36.4	54
36.405	0
36.41	0
36.415	0
36.42	54
36.425	0
36.43	0
36.435	0
36.44	54
36.445	0
36.45	0
36.455	0
36.46	54
36.465	0
36.47	0
36.475	0
36.48	54
36.485	0
36.49	0
36.495	0
36.5	54
36.505	0
36.51	0
36.515	0
36.52	54
36.525	0
36.53	0
36.535	0
36.54	54
36.545	0
36.55	0
36.555	0
36.56	54
36.565	0
36.57	0
36.575	0
36.58	54
36.585	0
36.59	0
36.595	0
36.6	54
36.605	0
36.61	0
36.615	0
36.62	54
36.625	0
36.63	0
36.635	0
36.64	54
36.645	0
36.65	0
36.655	0
36.66	54
36.665	0
36.67	0
36.675	0
36.68	54
36.685	0
36.69	0
36.695	0
36.7	54
36.705	0
36.71	0
36.715	0
36.72	54
36.725	0
36.73	0
36.735	0
36.74	54
36.745	0
36.75	0
36.755	0
36.76	54
36.765	0
36.77	0
36.775	0
36.78	54
36.785	0
36.79	0
36.795	0
36.8	54
36.805	0
36.81	0
36.815	0
36.82	54
36.825	0
36.83	0
36.835	0
36.84	54
36.845	0
36.85	0
36.855	0
36.86	54
36.865	0
36.87	0
36.875	0
36.88	54
36.885	0
36.89	0
36.895	0
36.9	54
36.905	0
36.91	0
36.915	0
36.92	54
36.925	0
36.93	0
36.935	0
36.94	54
36.945	0
36.95	0
36.955	0
36.96	54
36.965	0
36.97	0
36.975	0
36.98	54
36.985	0
36.99	0
36.995	0
37	54
37.005	0
37.01	0
37.015	0
37.02	54
37.025	0
37.03	0
37.035	0
37.04	54
37.045	0
37.05	0
37.055	0
37.06	54
37.065	0
37.07	0
37.075	0
37.08	54
37.085	0
37.09	0
37.095	0
37.1	54
37.105	0
37.11	0
37.115	0
37.12	54
37.125	0
37.13	0
37.135	0
37.14	54
37.145	0
37.15	0
37.155	0
37.16	54
37.165	0
37.17	0
37.175	0
37.18	54
37.185	0
37.19	0
37.195	0
37.2	54
37.205	0
37.21	0
37.215	0
37.22	54
37.225	0
37.23	0
37.235	0
37.24	54
37.245	0
37.25	0
37.255	0
37.26	54
37.265	0
37.27	0
37.275	0
37.28	54
37.285	0
37.29	0
37.295	0
37.3	54
37.305	0
37.31	0
37.315	0
37.32	54
37.325	0
37.33	0
37.335	0
37.34	54
37.345	0
37.35	0
37.355	0
37.36	54
37.365	0
37.37	0
37.375	0
37.38	54
37.385	0
37.39	0
37.395	0
37.4	54
37.405	0
37.41	0
37.415	0
37.42	54
37.425	0
37.43	0
37.435	0
37.44	54
37.445	0
37.45	0
37.455	0
37.46	54
37.465	0
37.47	0
37.475	0
37.48	54
37.485	0
37.49	0
37.495	0
37.5	54
37.505	0
37.51	0
37.515	0
37.52	54
37.525	0
37.53	0
37.535	0
37.54	54
37.545	0
37.55	0
37.555	0
37.56	54
37.565	0
37.57	0
37.575	0
37.58	54
37.585	0
37.59	0
37.595	0
37.6	54
37.605	0
37.61	0
37.615	0
37.62	54
37.625	0
37.63	0
37.635	0
37.64	54
37.645	0
37.65	0
37.655	0
37.66	54
37.665	0
37.67	0
37.675	0
37.68	54
37.685	0
37.69	0
37.695	0
37.7	54
37.705	0
37.71	0
37.715	0
37.72	54
37.725	0
37.73	0
37.735	0
37.74	54
37.745	0
37.75	0
37.755	0
37.76	54
37.765	0
37.77	0
37.775	0
37.78	54
37.785	0
37.79	0
37.795	0
37.8	54
37.805	0
37.81	0
37.815	0
37.82	54
37.825	0
37.83	0
37.835	0
37.84	54
37.845	0
37.85	0
37.855	0
37.86	54
37.865	0
37.87	0
37.875	0
37.88	54
37.885	0
37.89	0
37.895	0
37.9	54
37.905	0
37.91	0
37.915	0
37.92	54
37.925	0
37.93	0
37.935	0
37.94	54
37.945	0
37.95	0
37.955	0
37.96	54
37.965	0
37.97	0
37.975	0
37.98	54
37.985	0
37.99	0
37.995	0
38	54
38.005	0
38.01	0
38.015	0
38.02	54
38.025	0
38.03	0
38.035	0
38.04	54
38.045	0
38.05	0
38.055	0
38.06	54
38.065	0
38.07	0
38.075	0
38.08	54
38.085	0
38.09	0
38.095	0
38.1	54
38.105	0
38.11	0
38.115	0
38.12	54
38.125	0
38.13	0
38.135	0
38.14	54
38.145	0
38.15	0
38.155	0
38.16	54
38.165	0
38.17	0
38.175	0
38.18	54
38.185	0
38.19	0
38.195	0
38.2	54
38.205	0
38.21	0
38.215	0
38.22	54
38.225	0
38.23	0
38.235	0
38.24	54
38.245	0
38.25	0
38.255	0
38.26	54
38.265	0
38.27	0
38.275	0
38.28	54
38.285	0
38.29	0
38.295	0
38.3	54
38.305	0
38.31	0
38.315	0
38.32	54
38.325	0
38.33	0
38.335	0
38.34	54
38.345	0
38.35	0
38.355	0
38.36	54
38.365	0
38.37	0
38.375	0
38.38	54
38.385	0
38.39	0
38.395	0
38.4	54
38.405	0
38.41	0
38.415	0
38.42	54
38.425	0
38.43	0
38.435	0
38.44	54
38.445	0
38.45	0
38.455	0
38.46	54
38.465	0
38.47	0
38.475	0
38.48	54
38.485	0
38.49	0
38.495	0
38.5	54
38.505	0
38.51	0
38.515	0
38.52	54
38.525	0
38.53	0
38.535	0
38.54	54
38.545	0
38.55	0
38.555	0
38.56	54
38.565	0
38.57	0
38.575	0
38.58	54
38.585	0
38.59	0
38.595	0
38.6	54
38.605	0
38.61	0
38.615	0
38.62	54
38.625	0
38.63	0
38.635	0
38.64	54
38.645	0
38.65	0
38.655	0
38.66	54
38.665	0
38.67	0
38.675	0
38.68	54
38.685	0
38.69	0
38.695	0
38.7	54
38.705	0
38.71	0
38.715	0
38.72	54
38.725	0
38.73	0
38.735	0
38.74	54
38.745	0
38.75	0
38.755	0
38.76	54
38.765	0
38.77	0
38.775	0
38.78	54
38.785	0
38.79	0
38.795	0
38.8	54
38.805	0
38.81	0
38.815	0
38.82	54
38.825	0
38.83	0
38.835	0
38.84	54
38.845	0
38.85	0
38.855	0
38.86	54
38.865	0
38.87	0
38.875	0
38.88	54
38.885	0
38.89	0
38.895	0
38.9	54
38.905	0
38.91	0
38.915	0
38.92	54
38.925	0
38.93	0
38.935	0
38.94	54
38.945	0
38.95	0
38.955	0
38.96	54
38.965	0
38.97	0
38.975	0
38.98	54
38.985	0
38.99	0
38.995	0
39	54
39.005	0
39.01	0
39.015	0
39.02	54
39.025	0
39.03	0
39.035	0
39.04	54
39.045	0
39.05	0
39.055	0
39.06	54
39.065	0
39.07	0
39.075	0
39.08	54
39.085	0
39.09	0
39.095	0
39.1	54
39.105	0
39.11	0
39.115	0
39.12	54
39.125	0
39.13	0
39.135	0
39.14	54
39.145	0
39.15	0
39.155	0
39.16	54
39.165	0
39.17	0
39.175	0
39.18	54
39.185	0
39.19	0
39.195	0
39.2	54
39.205	0
39.21	0
39.215	0
39.22	54
39.225	0
39.23	0
39.235	0
39.24	54
39.245	0
39.25	0
39.255	0
39.26	54
39.265	0
39.27	0
39.275	0
39.28	54
39.285	0
39.29	0
39.295	0
39.3	54
39.305	0
39.31	0
39.315	0
39.32	54
39.325	0
39.33	0
39.335	0
39.34	54
39.345	0
39.35	0
39.355	0
39.36	54
39.365	0
39.37	0
39.375	0
39.38	54
39.385	0
39.39	0
39.395	0
39.4	54
39.405	0
39.41	0
39.415	0
39.42	54
39.425	0
39.43	0
39.435	0
39.44	54
39.445	0
39.45	0
39.455	0
39.46	54
39.465	0
39.47	0
39.475	0
39.48	54
39.485	0
39.49	0
39.495	0
39.5	54
39.505	0
39.51	0
39.515	0
39.52	54
39.525	0
39.53	0
39.535	0
39.54	54
39.545	0
39.55	0
39.555	0
39.56	54
39.565	0
39.57	0
39.575	0
39.58	54
39.585	0
39.59	0
39.595	0
39.6	54
39.605	0
39.61	0
39.615	0
39.62	54
39.625	0
39.63	0
39.635	0
39.64	54
39.645	0
39.65	0
39.655	0
39.66	54
39.665	0
39.67	0
39.675	0
39.68	54
39.685	0
39.69	0
39.695	0
39.7	54
39.705	0
39.71	0
39.715	0
39.72	54
39.725	0
39.73	0
39.735	0
39.74	54
39.745	0
39.75	0
39.755	0
39.76	54
39.765	0
39.77	0
39.775	0
39.78	54
39.785	0
39.79	0
39.795	0
39.8	54
39.805	0
39.81	0
39.815	0
39.82	54
39.825	0
39.83	0
39.835	0
39.84	54
39.845	0
39.85	0
39.855	0
39.86	54
39.865	0
39.87	0
39.875	0
39.88	54
39.885	0
39.89	0
39.895	0
39.9	54
39.905	0
39.91	0
39.915	0
39.92	54
39.925	0
39.93	0
39.935	0
39.94	54
39.945	0
39.95	0
39.955	0
39.96	54
39.965	0
39.97	0
39.975	0
39.98	54
39.985	0
39.99	0
39.995	0
40	54
40.005	0
40.01	0
40.015	0
40.02	54
40.025	0
40.03	0
40.035	0
40.04	54
40.045	0
40.05	0
40.055	0
40.06	54
40.065	0
40.07	0
40.075	0
40.08	54
40.085	0
40.09	0
40.095	0
40.1	54
40.105	0
40.11	0
40.115	0
40.12	54
40.125	0
40.13	0
40.135	0
40.14	54
40.145	0
40.15	0
40.155	0
40.16	54
40.165	0
40.17	0
40.175	0
40.18	54
40.185	0
40.19	0
40.195	0
40.2	54
40.205	0
40.21	0
40.215	0
40.22	54
40.225	0
40.23	0
40.235	0
40.24	54
40.245	0
40.25	0
40.255	0
40.26	54
40.265	0
40.27	0
40.275	0
40.28	54
40.285	0
40.29	0
40.295	0
40.3	54
40.305	0
40.31	0
40.315	0
40.32	54
40.325	0
40.33	0
40.335	0
40.34	54
40.345	0
40.35	0
40.355	0
40.36	54
40.365	0
40.37	0
40.375	0
40.38	54
40.385	0
40.39	0
40.395	0
40.4	54
40.405	0
40.41	0
40.415	0
40.42	54
40.425	0
40.43	0
40.435	0
40.44	54
40.445	0
40.45	0
40.455	0
40.46	54
40.465	0
40.47	0
40.475	0
40.48	54
40.485	0
40.49	0
40.495	0
40.5	54
40.505	0
40.51	0
40.515	0
40.52	54
40.525	0
40.53	0
40.535	0
40.54	54
40.545	0
40.55	0
40.555	0
40.56	54
40.565	0
40.57	0
40.575	0
40.58	54
40.585	0
40.59	0
40.595	0
40.6	54
40.605	0
40.61	0
40.615	0
40.62	54
40.625	0
40.63	0
40.635	0
40.64	54
40.645	0
40.65	0
40.655	0
40.66	54
40.665	0
40.67	0
40.675	0
40.68	54
40.685	0
40.69	0
40.695	0
40.7	54
40.705	0
40.71	0
40.715	0
40.72	54
40.725	0
40.73	0
40.735	0
40.74	54
40.745	0
40.75	0
40.755	0
40.76	54
40.765	0
40.77	0
40.775	0
40.78	54
40.785	0
40.79	0
40.795	0
40.8	54
40.805	0
40.81	0
40.815	0
40.82	54
40.825	0
40.83	0
40.835	0
40.84	54
40.845	0
40.85	0
40.855	0
40.86	54
40.865	0
40.87	0
40.875	0
40.88	54
40.885	0
40.89	0
40.895	0
40.9	54
40.905	0
40.91	0
40.915	0
40.92	54
40.925	0
40.93	0
40.935	0
40.94	54
40.945	0
40.95	0
40.955	0
40.96	54
40.965	0
40.97	0
40.975	0
40.98	54
40.985	0
40.99	0
40.995	0
41	54
41.005	0
41.01	0
41.015	0
41.02	54
41.025	0
41.03	0
41.035	0
41.04	54
41.045	0
41.05	0
41.055	0
41.06	54
41.065	0
41.07	0
41.075	0
41.08	54
41.085	0
41.09	0
41.095	0
41.1	54
41.105	0
41.11	0
41.115	0
41.12	54
41.125	0
41.13	0
41.135	0
41.14	54
41.145	0
41.15	0
41.155	0
41.16	54
41.165	0
41.17	0
41.175	0
41.18	54
41.185	0
41.19	0
41.195	0
41.2	54
41.205	0
41.21	0
41.215	0
41.22	54
41.225	0
41.23	0
41.235	0
41.24	54
41.245	0
41.25	0
41.255	0
41.26	54
41.265	0
41.27	0
41.275	0
41.28	54
41.285	0
41.29	0
41.295	0
41.3	54
41.305	0
41.31	0
41.315	0
41.32	54
41.325	0
41.33	0
41.335	0
41.34	54
41.345	0
41.35	0
41.355	0
41.36	54
41.365	0
41.37	0
41.375	0
41.38	54
41.385	0
41.39	0
41.395	0
41.4	54
41.405	0
41.41	0
41.415	0
41.42	54
41.425	0
41.43	0
41.435	0
41.44	54
41.445	0
41.45	0
41.455	0
41.46	54
41.465	0
41.47	0
41.475	0
41.48	54
41.485	0
41.49	0
41.495	0
41.5	54
41.505	0
41.51	0
41.515	0
41.52	54
41.525	0
41.53	0
41.535	0
41.54	54
41.545	0
41.55	0
41.555	0
41.56	54
41.565	0
41.57	0
41.575	0
41.58	54
41.585	0
41.59	0
41.595	0
41.6	54
41.605	0
41.61	0
41.615	0
41.62	54
41.625	0
41.63	0
41.635	0
41.64	54
41.645	0
41.65	0
41.655	0
41.66	54
41.665	0
41.67	0
41.675	0
41.68	54
41.685	0
41.69	0
41.695	0
41.7	54
41.705	0
41.71	0
41.715	0
41.72	54
41.725	0
41.73	0
41.735	0
41.74	54
41.745	0
41.75	0
41.755	0
41.76	54
41.765	0
41.77	0
41.775	0
41.78	54
41.785	0
41.79	0
41.795	0
41.8	54
41.805	0
41.81	0
41.815	0
41.82	54
41.825	0
41.83	0
41.835	0
41.84	54
41.845	0
41.85	0
41.855	0
41.86	54
41.865	0
41.87	0
41.875	0
41.88	54
41.885	0
41.89	0
41.895	0
41.9	54
41.905	0
41.91	0
41.915	0
41.92	54
41.925	0
41.93	0
41.935	0
41.94	54
41.945	0
41.95	0
41.955	0
41.96	54
41.965	0
41.97	0
41.975	0
41.98	54
41.985	0
41.99	0
41.995	0
42	54
42.005	0
42.01	0
42.015	0
42.02	54
42.025	0
42.03	0
42.035	0
42.04	54
42.045	0
42.05	0
42.055	0
42.06	54
42.065	0
42.07	0
42.075	0
42.08	54
42.085	0
42.09	0
42.095	0
42.1	54
42.105	0
42.11	0
42.115	0
42.12	54
42.125	0
42.13	0
42.135	0
42.14	54
42.145	0
42.15	0
42.155	0
42.16	54
42.165	0
42.17	0
42.175	0
42.18	54
42.185	0
42.19	0
42.195	0
42.2	54
42.205	0
42.21	0
42.215	0
42.22	54
42.225	0
42.23	0
42.235	0
42.24	54
42.245	0
42.25	0
42.255	0
42.26	54
42.265	0
42.27	0
42.275	0
42.28	54
42.285	0
42.29	0
42.295	0
42.3	54
42.305	0
42.31	0
42.315	0
42.32	54
42.325	0
42.33	0
42.335	0
42.34	54
42.345	0
42.35	0
42.355	0
42.36	54
42.365	0
42.37	0
42.375	0
42.38	54
42.385	0
42.39	0
42.395	0
42.4	54
42.405	0
42.41	0
42.415	0
42.42	54
42.425	0
42.43	0
42.435	0
42.44	54
42.445	0
42.45	0
42.455	0
42.46	54
42.465	0
42.47	0
42.475	0
42.48	54
42.485	0
42.49	0
42.495	0
42.5	54
42.505	0
42.51	0
42.515	0
42.52	54
42.525	0
42.53	0
42.535	0
42.54	54
42.545	0
42.55	0
42.555	0
42.56	54
42.565	0
42.57	0
42.575	0
42.58	54
42.585	0
42.59	0
42.595	0
42.6	54
42.605	0
42.61	0
42.615	0
42.62	54
42.625	0
42.63	0
42.635	0
42.64	54
42.645	0
42.65	0
42.655	0
42.66	54
42.665	0
42.67	0
42.675	0
42.68	54
42.685	0
42.69	0
42.695	0
42.7	54
42.705	0
42.71	0
42.715	0
42.72	54
42.725	0
42.73	0
42.735	0
42.74	54
42.745	0
42.75	0
42.755	0
42.76	54
42.765	0
42.77	0
42.775	0
42.78	54
42.785	0
42.79	0
42.795	0
42.8	54
42.805	0
42.81	0
42.815	0
42.82	54
42.825	0
42.83	0
42.835	0
42.84	54
42.845	0
42.85	0
42.855	0
42.86	54
42.865	0
42.87	0
42.875	0
42.88	54
42.885	0
42.89	0
42.895	0
42.9	54
42.905	0
42.91	0
42.915	0
42.92	54
42.925	0
42.93	0
42.935	0
42.94	54
42.945	0
42.95	0
42.955	0
42.96	54
42.965	0
42.97	0
42.975	0
42.98	54
42.985	0
42.99	0
42.995	0
43	54
43.005	0
43.01	0
43.015	0
43.02	54
43.025	0
43.03	0
43.035	0
43.04	54
43.045	0
43.05	0
43.055	0
43.06	54
43.065	0
43.07	0
43.075	0
43.08	54
43.085	0
43.09	0
43.095	0
43.1	54
43.105	0
43.11	0
43.115	0
43.12	54
43.125	0
43.13	0
43.135	0
43.14	54
43.145	0
43.15	0
43.155	0
43.16	54
43.165	0
43.17	0
43.175	0
43.18	54
43.185	0
43.19	0
43.195	0
43.2	54
43.205	0
43.21	0
43.215	0
43.22	54
43.225	0
43.23	0
43.235	0
43.24	54
43.245	0
43.25	0
43.255	0
43.26	54
43.265	0
43.27	0
43.275	0
43.28	54
43.285	0
43.29	0
43.295	0
43.3	54
43.305	0
43.31	0
43.315	0
43.32	54
43.325	0
43.33	0
43.335	0
43.34	54
43.345	0
43.35	0
43.355	0
43.36	54
43.365	0
43.37	0
43.375	0
43.38	54
43.385	0
43.39	0
43.395	0
43.4	54
43.405	0
43.41	0
43.415	0
43.42	54
43.425	0
43.43	0
43.435	0
43.44	54
43.445	0
43.45	0
43.455	0
43.46	54
43.465	0
43.47	0
43.475	0
43.48	54
43.485	0
43.49	0
43.495	0
43.5	54
43.505	0
43.51	0
43.515	0
43.52	54
43.525	0
43.53	0
43.535	0
43.54	54
43.545	0
43.55	0
43.555	0
43.56	54
43.565	0
43.57	0
43.575	0
43.58	54
43.585	0
43.59	0
43.595	0
43.6	54
43.605	0
43.61	0
43.615	0
43.62	54
43.625	0
43.63	0
43.635	0
43.64	54
43.645	0
43.65	0
43.655	0
43.66	54
43.665	0
43.67	0
43.675	0
43.68	54
43.685	0
43.69	0
43.695	0
43.7	54
43.705	0
43.71	0
43.715	0
43.72	54
43.725	0
43.73	0
43.735	0
43.74	54
43.745	0
43.75	0
43.755	0
43.76	54
43.765	0
43.77	0
43.775	0
43.78	54
43.785	0
43.79	0
43.795	0
43.8	54
43.805	0
43.81	0
43.815	0
43.82	54
43.825	0
43.83	0
43.835	0
43.84	54
43.845	0
43.85	0
43.855	0
43.86	54
43.865	0
43.87	0
43.875	0
43.88	54
43.885	0
43.89	0
43.895	0
43.9	54
43.905	0
43.91	0
43.915	0
43.92	54
43.925	0
43.93	0
43.935	0
43.94	54
43.945	0
43.95	0
43.955	0
43.96	54
43.965	0
43.97	0
43.975	0
43.98	54
43.985	0
43.99	0
43.995	0
44	54
44.005	0
44.01	0
44.015	0
44.02	54
44.025	0
44.03	0
44.035	0
44.04	54
44.045	0
44.05	0
44.055	0
44.06	54
44.065	0
44.07	0
44.075	0
44.08	54
44.085	0
44.09	0
44.095	0
44.1	54
44.105	0
44.11	0
44.115	0
44.12	54
44.125	0
44.13	0
44.135	0
44.14	54
44.145	0
44.15	0
44.155	0
44.16	54
44.165	0
44.17	0
44.175	0
44.18	54
44.185	0
44.19	0
44.195	0
44.2	54
44.205	0
44.21	0
44.215	0
44.22	54
44.225	0
44.23	0
44.235	0
44.24	54
44.245	0
44.25	0
44.255	0
44.26	54
44.265	0
44.27	0
44.275	0
44.28	54
44.285	0
44.29	0
44.295	0
44.3	54
44.305	0
44.31	0
44.315	0
44.32	54
44.325	0
44.33	0
44.335	0
44.34	54
44.345	0
44.35	0
44.355	0
44.36	54
44.365	0
44.37	0
44.375	0
44.38	54
44.385	0
44.39	0
44.395	0
44.4	54
44.405	0
44.41	0
44.415	0
44.42	54
44.425	0
44.43	0
44.435	0
44.44	54
44.445	0
44.45	0
44.455	0
44.46	54
44.465	0
44.47	0
44.475	0
44.48	54
44.485	0
44.49	0
44.495	0
44.5	54
44.505	0
44.51	0
44.515	0
44.52	54
44.525	0
44.53	0
44.535	0
44.54	54
44.545	0
44.55	0
44.555	0
44.56	54
44.565	0
44.57	0
44.575	0
44.58	54
44.585	0
44.59	0
44.595	0
44.6	54
44.605	0
44.61	0
44.615	0
44.62	54
44.625	0
44.63	0
44.635	0
44.64	54
44.645	0
44.65	0
44.655	0
44.66	54
44.665	0
44.67	0
44.675	0
44.68	54
44.685	0
44.69	0
44.695	0
44.7	54
44.705	0
44.71	0
44.715	0
44.72	54
44.725	0
44.73	0
44.735	0
44.74	54
44.745	0
44.75	0
44.755	0
44.76	54
44.765	0
44.77	0
44.775	0
44.78	54
44.785	0
44.79	0
44.795	0
44.8	54
44.805	0
44.81	0
44.815	0
44.82	54
44.825	0
44.83	0
44.835	0
44.84	54
44.845	0
44.85	0
44.855	0
44.86	54
44.865	0
44.87	0
44.875	0
44.88	54
44.885	0
44.89	0
44.895	0
44.9	54
44.905	0
44.91	0
44.915	0
44.92	54
44.925	0
44.93	0
44.935	0
44.94	54
44.945	0
44.95	0
44.955	0
44.96	54
44.965	0
44.97	0
44.975	0
44.98	54
44.985	0
44.99	0
44.995	0
45	54
45.005	0
45.01	0
45.015	0
45.02	54
45.025	0
45.03	0
45.035	0
45.04	54
45.045	0
45.05	0
45.055	0
45.06	54
45.065	0
45.07	0
45.075	0
45.08	54
45.085	0
45.09	0
45.095	0
45.1	54
45.105	0
45.11	0
45.115	0
45.12	54
45.125	0
45.13	0
45.135	0
45.14	54
45.145	0
45.15	0
45.155	0
45.16	54
45.165	0
45.17	0
45.175	0
45.18	54
45.185	0
45.19	0
45.195	0
45.2	54
45.205	0
45.21	0
45.215	0
45.22	54
45.225	0
45.23	0
45.235	0
45.24	54
45.245	0
45.25	0
45.255	0
45.26	54
45.265	0
45.27	0
45.275	0
45.28	54
45.285	0
45.29	0
45.295	0
45.3	54
45.305	0
45.31	0
45.315	0
45.32	54
45.325	0
45.33	0
45.335	0
45.34	54
45.345	0
45.35	0
45.355	0
45.36	54
45.365	0
45.37	0
45.375	0
45.38	54
45.385	0
45.39	0
45.395	0
45.4	54
45.405	0
45.41	0
45.415	0
45.42	54
45.425	0
45.43	0
45.435	0
45.44	54
45.445	0
45.45	0
45.455	0
45.46	54
45.465	0
45.47	0
45.475	0
45.48	54
45.485	0
45.49	0
45.495	0
45.5	54
45.505	0
45.51	0
45.515	0
45.52	54
45.525	0
45.53	0
45.535	0
45.54	54
45.545	0
45.55	0
45.555	0
45.56	54
45.565	0
45.57	0
45.575	0
45.58	54
45.585	0
45.59	0
45.595	0
45.6	54
45.605	0
45.61	0
45.615	0
45.62	54
45.625	0
45.63	0
45.635	0
45.64	54
45.645	0
45.65	0
45.655	0
45.66	54
45.665	0
45.67	0
45.675	0
45.68	54
45.685	0
45.69	0
45.695	0
45.7	54
45.705	0
45.71	0
45.715	0
45.72	54
45.725	0
45.73	0
45.735	0
45.74	54
45.745	0
45.75	0
45.755	0
45.76	54
45.765	0
45.77	0
45.775	0
45.78	54
45.785	0
45.79	0
45.795	0
45.8	54
45.805	0
45.81	0
45.815	0
45.82	54
45.825	0
45.83	0
45.835	0
45.84	54
45.845	0
45.85	0
45.855	0
45.86	54
45.865	0
45.87	0
45.875	0
45.88	54
45.885	0
45.89	0
45.895	0
45.9	54
45.905	0
45.91	0
45.915	0
45.92	54
45.925	0
45.93	0
45.935	0
45.94	54
45.945	0
45.95	0
45.955	0
45.96	54
45.965	0
45.97	0
45.975	0
45.98	54
45.985	0
45.99	0
45.995	0
46	54
46.005	0
46.01	0
46.015	0
46.02	54
46.025	0
46.03	0
46.035	0
46.04	54
46.045	0
46.05	0
46.055	0
46.06	54
46.065	0
46.07	0
46.075	0
46.08	54
46.085	0
46.09	0
46.095	0
46.1	54
46.105	0
46.11	0
46.115	0
46.12	54
46.125	0
46.13	0
46.135	0
46.14	54
46.145	0
46.15	0
46.155	0
46.16	54
46.165	0
46.17	0
46.175	0
46.18	54
46.185	0
46.19	0
46.195	0
46.2	54
46.205	0
46.21	0
46.215	0
46.22	54
46.225	0
46.23	0
46.235	0
46.24	54
46.245	0
46.25	0
46.255	0
46.26	54
46.265	0
46.27	0
46.275	0
46.28	54
46.285	0
46.29	0
46.295	0
46.3	54
46.305	0
46.31	0
46.315	0
46.32	54
46.325	0
46.33	0
46.335	0
46.34	54
46.345	0
46.35	0
46.355	0
46.36	54
46.365	0
46.37	0
46.375	0
46.38	54
46.385	0
46.39	0
46.395	0
46.4	54
46.405	0
46.41	0
46.415	0
46.42	54
46.425	0
46.43	0
46.435	0
46.44	54
46.445	0
46.45	0
46.455	0
46.46	54
46.465	0
46.47	0
46.475	0
46.48	54
46.485	0
46.49	0
46.495	0
46.5	54
46.505	0
46.51	0
46.515	0
46.52	54
46.525	0
46.53	0
46.535	0
46.54	54
46.545	0
46.55	0
46.555	0
46.56	54
46.565	0
46.57	0
46.575	0
46.58	54
46.585	0
46.59	0
46.595	0
46.6	54
46.605	0
46.61	0
46.615	0
46.62	54
46.625	0
46.63	0
46.635	0
46.64	54
46.645	0
46.65	0
46.655	0
46.66	54
46.665	0
46.67	0
46.675	0
46.68	54
46.685	0
46.69	0
46.695	0
46.7	54
46.705	0
46.71	0
46.715	0
46.72	54
46.725	0
46.73	0
46.735	0
46.74	54
46.745	0
46.75	0
46.755	0
46.76	54
46.765	0
46.77	0
46.775	0
46.78	54
46.785	0
46.79	0
46.795	0
46.8	54
46.805	0
46.81	0
46.815	0
46.82	54
46.825	0
46.83	0
46.835	0
46.84	54
46.845	0
46.85	0
46.855	0
46.86	54
46.865	0
46.87	0
46.875	0
46.88	54
46.885	0
46.89	0
46.895	0
46.9	54
46.905	0
46.91	0
46.915	0
46.92	54
46.925	0
46.93	0
46.935	0
46.94	54
46.945	0
46.95	0
46.955	0
46.96	54
46.965	0
46.97	0
46.975	0
46.98	54
46.985	0
46.99	0
46.995	0
47	54
47.005	0
47.01	0
47.015	0
47.02	54
47.025	0
47.03	0
47.035	0
47.04	54
47.045	0
47.05	0
47.055	0
47.06	54
47.065	0
47.07	0
47.075	0
47.08	54
47.085	0
47.09	0
47.095	0
47.1	54
47.105	0
47.11	0
47.115	0
47.12	54
47.125	0
47.13	0
47.135	0
47.14	54
47.145	0
47.15	0
47.155	0
47.16	54
47.165	0
47.17	0
47.175	0
47.18	54
47.185	0
47.19	0
47.195	0
47.2	54
47.205	0
47.21	0
47.215	0
47.22	54
47.225	0
47.23	0
47.235	0
47.24	54
47.245	0
47.25	0
47.255	0
47.26	54
47.265	0
47.27	0
47.275	0
47.28	54
47.285	0
47.29	0
47.295	0
47.3	54
47.305	0
47.31	0
47.315	0
47.32	54
47.325	0
47.33	0
47.335	0
47.34	54
47.345	0
47.35	0
47.355	0
47.36	54
47.365	0
47.37	0
47.375	0
47.38	54
47.385	0
47.39	0
47.395	0
47.4	54
47.405	0
47.41	0
47.415	0
47.42	54
47.425	0
47.43	0
47.435	0
47.44	54
47.445	0
47.45	0
47.455	0
47.46	54
47.465	0
47.47	0
47.475	0
47.48	54
47.485	0
47.49	0
47.495	0
47.5	54
47.505	0
47.51	0
47.515	0
47.52	54
47.525	0
47.53	0
47.535	0
47.54	54
47.545	0
47.55	0
47.555	0
47.56	54
47.565	0
47.57	0
47.575	0
47.58	54
47.585	0
47.59	0
47.595	0
47.6	54
47.605	0
47.61	0
47.615	0
47.62	54
47.625	0
47.63	0
47.635	0
47.64	54
47.645	0
47.65	0
47.655	0
47.66	54
47.665	0
47.67	0
47.675	0
47.68	54
47.685	0
47.69	0
47.695	0
47.7	54
47.705	0
47.71	0
47.715	0
47.72	54
47.725	0
47.73	0
47.735	0
47.74	54
47.745	0
47.75	0
47.755	0
47.76	54
47.765	0
47.77	0
47.775	0
47.78	54
47.785	0
47.79	0
47.795	0
47.8	54
47.805	0
47.81	0
47.815	0
47.82	54
47.825	0
47.83	0
47.835	0
47.84	54
47.845	0
47.85	0
47.855	0
47.86	54
47.865	0
47.87	0
47.875	0
47.88	54
47.885	0
47.89	0
47.895	0
47.9	54
47.905	0
47.91	0
47.915	0
47.92	54
47.925	0
47.93	0
47.935	0
47.94	54
47.945	0
47.95	0
47.955	0
47.96	54
47.965	0
47.97	0
47.975	0
47.98	54
47.985	0
47.99	0
47.995	0
48	54
48.005	0
48.01	0
48.015	0
48.02	54
48.025	0
48.03	0
48.035	0
48.04	54
48.045	0
48.05	0
48.055	0
48.06	54
48.065	0
48.07	0
48.075	0
48.08	54
48.085	0
48.09	0
48.095	0
48.1	54
48.105	0
48.11	0
48.115	0
48.12	54
48.125	0
48.13	0
48.135	0
48.14	54
48.145	0
48.15	0
48.155	0
48.16	54
48.165	0
48.17	0
48.175	0
48.18	54
48.185	0
48.19	0
48.195	0
48.2	54
48.205	0
48.21	0
48.215	0
48.22	54
48.225	0
48.23	0
48.235	0
48.24	54
48.245	0
48.25	0
48.255	0
48.26	54
48.265	0
48.27	0
48.275	0
48.28	54
48.285	0
48.29	0
48.295	0
48.3	54
48.305	0
48.31	0
48.315	0
48.32	54
48.325	0
48.33	0
48.335	0
48.34	54
48.345	0
48.35	0
48.355	0
48.36	54
48.365	0
48.37	0
48.375	0
48.38	54
48.385	0
48.39	0
48.395	0
48.4	54
48.405	0
48.41	0
48.415	0
48.42	54
48.425	0
48.43	0
48.435	0
48.44	54
48.445	0
48.45	0
48.455	0
48.46	54
48.465	0
48.47	0
48.475	0
48.48	54
48.485	0
48.49	0
48.495	0
48.5	54
48.505	0
48.51	0
48.515	0
48.52	54
48.525	0
48.53	0
48.535	0
48.54	54
48.545	0
48.55	0
48.555	0
48.56	54
48.565	0
48.57	0
48.575	0
48.58	54
48.585	0
48.59	0
48.595	0
48.6	54
48.605	0
48.61	0
48.615	0
48.62	54
48.625	0
48.63	0
48.635	0
48.64	54
48.645	0
48.65	0
48.655	0
48.66	54
48.665	0
48.67	0
48.675	0
48.68	54
48.685	0
48.69	0
48.695	0
48.7	54
48.705	0
48.71	0
48.715	0
48.72	54
48.725	0
48.73	0
48.735	0
48.74	54
48.745	0
48.75	0
48.755	0
48.76	54
48.765	0
48.77	0
48.775	0
48.78	54
48.785	0
48.79	0
48.795	0
48.8	54
48.805	0
48.81	0
48.815	0
48.82	54
48.825	0
48.83	0
48.835	0
48.84	54
48.845	0
48.85	0
48.855	0
48.86	54
48.865	0
48.87	0
48.875	0
48.88	54
48.885	0
48.89	0
48.895	0
48.9	54
48.905	0
48.91	0
48.915	0
48.92	54
48.925	0
48.93	0
48.935	0
48.94	54
48.945	0
48.95	0
48.955	0
48.96	54
48.965	0
48.97	0
48.975	0
48.98	54
48.985	0
48.99	0
48.995	0
49	54
49.005	0
49.01	0
49.015	0
49.02	54
49.025	0
49.03	0
49.035	0
49.04	54
49.045	0
49.05	0
49.055	0
49.06	54
49.065	0
49.07	0
49.075	0
49.08	54
49.085	0
49.09	0
49.095	0
49.1	54
49.105	0
49.11	0
49.115	0
49.12	54
49.125	0
49.13	0
49.135	0
49.14	54
49.145	0
49.15	0
49.155	0
49.16	54
49.165	0
49.17	0
49.175	0
49.18	54
49.185	0
49.19	0
49.195	0
49.2	54
49.205	0
49.21	0
49.215	0
49.22	54
49.225	0
49.23	0
49.235	0
49.24	54
49.245	0
49.25	0
49.255	0
49.26	54
49.265	0
49.27	0
49.275	0
49.28	54
49.285	0
49.29	0
49.295	0
49.3	54
49.305	0
49.31	0
49.315	0
49.32	54
49.325	0
49.33	0
49.335	0
49.34	54
49.345	0
49.35	0
49.355	0
49.36	54
49.365	0
49.37	0
49.375	0
49.38	54
49.385	0
49.39	0
49.395	0
49.4	54
49.405	0
49.41	0
49.415	0
49.42	54
49.425	0
49.43	0
49.435	0
49.44	54
49.445	0
49.45	0
49.455	0
49.46	54
49.465	0
49.47	0
49.475	0
49.48	54
49.485	0
49.49	0
49.495	0
49.5	54
49.505	0
49.51	0
49.515	0
49.52	54
49.525	0
49.53	0
49.535	0
49.54	54
49.545	0
49.55	0
49.555	0
49.56	54
49.565	0
49.57	0
49.575	0
49.58	54
49.585	0
49.59	0
49.595	0
49.6	54
49.605	0
49.61	0
49.615	0
49.62	54
49.625	0
49.63	0
49.635	0
49.64	54
49.645	0
49.65	0
49.655	0
49.66	54
49.665	0
49.67	0
49.675	0
49.68	54
49.685	0
49.69	0
49.695	0
49.7	54
49.705	0
49.71	0
49.715	0
49.72	54
49.725	0
49.73	0
49.735	0
49.74	54
49.745	0
49.75	0
49.755	0
49.76	54
49.765	0
49.77	0
49.775	0
49.78	54
49.785	0
49.79	0
49.795	0
49.8	54
49.805	0
49.81	0
49.815	0
49.82	54
49.825	0
49.83	0
49.835	0
49.84	54
49.845	0
49.85	0
49.855	0
49.86	54
49.865	0
49.87	0
49.875	0
49.88	54
49.885	0
49.89	0
49.895	0
49.9	54
49.905	0
49.91	0
49.915	0
49.92	54
49.925	0
49.93	0
49.935	0
49.94	54
49.945	0
49.95	0
49.955	0
49.96	54
49.965	0
49.97	0
49.975	0
49.98	54
49.985	0
49.99	0
49.995	0
50	54
